30	5	3
307.36429197690035	192.8052071099575	309.46792601980303	199.70500267763916	312.1158282926822	198.47674241040153	310.1305833684415	198.41499096783804	307.86631530213833	194.700369489004	311.56576863915336	198.12125969971646	326.01045675298525	214.7881279605059	336.5664702061411	227.9179216562522	345.1341063534975	240.87562673288548	345.80888338730466	245.97309741847252	337.23657397008435	235.02432463670954	324.2183421371771	221.41907956606312	313.5887946785886	210.32400251775533	317.13759511138426	211.0337886483789	334.73804367217355	204.27161168076873	356.71510820404256	191.59683180577147	371.22779626167875	177.041486047449
315.1732279626995	201.38904333773763	319.4023243633188	206.00236635467598	318.1778685073543	201.06114560786716	318.01260671552797	201.84120302638868	319.39683068434044	201.87700204430428	323.2778570191163	202.2550193287817	338.0955318667781	220.02006671313066	350.04460880259495	232.17257529018997	354.4084648157052	247.56297886805777	356.18123695948884	251.41373270004306	349.6094131323424	238.07557872522955	332.22515912101153	227.5797100175573	329.59711662323974	215.0089821569712	333.0646065728192	217.15399714879345	344.62691009700785	210.22533485076477	367.85762323434165	195.74485843768824	383.95185042188166	180.98722818663256
313.4798258099259	206.10259207623207	316.3989859566746	211.44491751867577	317.69933299850493	212.04741341412327	316.14335875460256	211.26105695158122	316.30101045026845	207.5663096120765	319.81475441147245	210.6272761208406	336.8922183209456	220.6055002741783	344.24126192479264	235.39464580524682	351.7582397255776	250.8159091995872	353.1672007297541	252.06068587263331	342.79912129797424	244.37243213125657	332.23843732234616	230.89639457145768	323.04498196381724	224.98703222220823	326.6778195747114	221.64045007329668	345.5040233307731	215.07270616923637	368.1099971850206	197.74937865105392	381.7577733135001	184.65917780150212
307.8852119926696	196.39862592054732	315.1792679116188	206.57767204815275	318.83744200326794	204.97610749752596	315.4765645444722	205.77644826281153	312.73803435805615	204.03047751168654	320.64572884972915	206.24122224414063	332.4090394198183	225.18856530062652	339.9202491732881	237.741265045018	349.9534619346559	247.19251985537826	351.3123470803572	251.41714508347067	345.43019915223476	240.43320339618307	333.34216147021186	228.74434664230054	320.94519542496596	219.5843131654861	324.70324250249496	218.55201941833317	342.2342951422367	213.35545318775166	364.6007117253666	202.20969177130786	379.1126735538558	187.58802830978433
317.34809633114725	198.02882118782347	316.0782160771033	206.56574296834523	320.1470019691633	206.57913940958315	316.99531709520846	199.7818829934887	313.11208963711977	198.22194729373138	318.5873312661328	206.3177673531297	334.0911931561377	221.5585503422753	345.70100856141323	230.32665950806827	353.68089108320953	246.1541605403739	356.1185779739624	246.09278002361924	346.7047093141883	239.21720362133516	331.5233231092346	227.66612562011096	326.3657783654738	218.89530174751962	328.83317747036006	212.1108606023692	341.48963846315377	206.0430484428829	361.6864864443653	195.46873354114842	380.30259505476766	178.3405913996512
314.70190045830486	204.13367767317288	315.48141436849244	206.23049448568557	321.14807178003406	205.78337701309945	315.68619763909123	201.96121358940513	319.8425818905946	203.19011095168648	322.0093892166593	209.85639329478212	336.897756561383	217.88318511636612	348.58374678845496	232.71621421957212	352.8466381368544	245.1242758941934	355.46175989058077	251.7287887196439	345.66173336278126	243.6281536931414	334.37923406747325	231.63785512769704	327.03490758521497	219.0008101291131	330.15572943952367	218.53410073791906	347.0822047392063	213.49636216677047	368.5052663365564	197.83992046066595	377.93837009678276	187.32404613494737
313.43896990222095	202.16652713062894	318.7621710547993	203.48074828432823	317.12685595807386	208.84130707940145	317.6165185549343	204.70106774592136	320.339263329861	200.827874621549	322.77804215471946	206.69222396687977	336.58660673506387	225.23449380807745	342.9612098488329	237.70170558439276	351.925579835527	246.74014525300265	352.8927510365451	248.4427735566236	347.30887006963906	242.23723196233342	335.8834059287902	231.42623209415996	322.42716562267344	220.23002846672003	325.18809044532765	220.21149147899564	343.9456320126147	212.0258442364032	361.19471064425204	199.36309866649057	377.1666639015042	186.22284220194973
315.66670656392483	193.98641217953545	316.2290735236813	202.44086167947762	321.6032706825181	201.4153562860674	320.460861009994	200.0161920354408	315.5359388672474	199.4017736342949	315.99798691537796	205.54822523759216	329.40490574869654	222.9722384555769	342.13309305134317	230.6505840142707	351.37777415063096	242.74913660366244	352.94332437555283	245.2254113352063	342.00756215827204	238.45514033666552	328.3324135687717	227.75359449435868	321.7845889684825	220.02179519632728	328.5344719710294	216.91652027290428	342.69495227662327	208.04483919598744	360.65003937083054	197.01243142584119	379.49288314693354	183.04831825951354
313.2058358234811	201.7423901190295	320.3648511591679	205.78270204921404	318.4158629346649	203.07046258040057	320.29184779940005	208.0321256469538	318.03694972119354	202.57999970946224	323.36301432192283	205.4580266159909	331.5928634279802	217.69344859556207	347.69662749653287	234.53331415671428	355.9243585204769	246.9083656610663	354.9921660397508	253.73863047843943	342.4457511846234	240.48278231875864	329.8355596130799	226.8945846959895	321.98609109607736	215.81038851629197	323.8605815029591	212.76241418568304	341.7353734709262	205.91716643994553	360.45960454017467	195.27535870325866	383.2642857739177	188.62672231303216
313.8479011596105	195.09370160110166	315.52616903458795	204.96970403780261	322.99977057941624	204.1138582560274	321.09072113828734	207.4221714590016	315.36032206173115	201.27425430371233	321.22860731022286	206.60672718941245	331.7725549566217	223.51903224893945	345.55406191109984	231.56870836195506	353.8191585804389	247.59820451615755	350.9258096728497	251.91812383500164	346.71885328215313	242.09670290863764	330.63884364905573	225.60137983647851	320.2413325875907	219.720506304776	329.2202867590901	214.36445399166757	340.8510863944162	210.0824518509107	367.1545999477444	197.12135995946522	380.408507823433	185.77318940138824
284.6910951285355	143.82122359456312	296.0988854139439	141.98488741256054	322.864113109274	111.09996157148734	358.74508600494124	76.48578601573085	382.60279585399746	47.829563712766344	388.9772043151869	45.25327813450575	380.77236527585	48.009004248457344	372.77547373619984	54.72995022026322	367.0910720055722	56.41777900308775	367.61955854834366	60.64064606792441	356.7689602045754	69.57248786400375	345.57984319615764	79.92578093305784	335.2200884662574	86.62024749920579	334.1678132048226	90.6865451560479	338.29405368994696	97.94139969291024	337.0091932147288	105.25056914067089	328.7260053698834	105.86724024003767
295.56677466994097	149.1361660977192	304.496777067813	148.80457251186292	330.1285376256167	119.23460837918213	364.5059305672664	89.88126039823868	389.5856391359159	60.484211950194094	393.00760509230633	54.58258421106329	386.16095822562835	57.77442403589011	379.7447410488226	63.686141574444164	378.0721368732754	68.80433013338185	375.2356772588179	73.0900318841695	369.7251855664836	80.92092592213324	352.2798524145704	88.15874328437714	342.9386675584828	97.18330056111613	344.71679036740846	97.10061424403122	343.9819779602699	106.69129304719544	344.956024761566	112.5761051864305	341.0624796675118	115.96996217450882
290.5470975367523	151.4166281631217	304.5907061442428	144.230309767962	329.21274507139367	118.43435623703502	366.23155355860973	85.99405609381947	391.2332815347688	57.65974228077315	395.95494611336545	54.00467957556987	387.4158723536025	56.93988307606514	382.588324522638	63.15721627072925	375.0505534422364	67.23592702320174	373.9712569807544	68.29869985932167	367.90229444355856	75.27486444503073	359.2036095724873	87.83339832818686	348.5107082405135	96.86515696404336	346.05711179182543	100.72394336481864	348.4330663136631	105.19247352075202	342.80529778800167	111.09573049940589	336.24638039871525	108.89741206933887
292.2498563852502	152.2916683351311	307.4110721378519	148.2947780254678	326.6302929238187	122.32977115606957	359.5332672784556	85.78350013484615	384.70827499346	64.48390193300543	395.2918240827528	58.26451132096118	389.0183958903843	61.45812605461252	383.11091686864916	67.52947464630915	375.7037479064905	68.5658367787097	375.24833356097207	71.47624992649699	364.5471360758357	76.02232551542316	351.5582383279845	88.96812336703437	339.7123407406876	98.17914993570656	339.9184182318567	101.55265971681631	345.0598508197685	111.00307841594336	343.67211521250294	115.22124235153441	333.0902402935797	115.69166497009643
292.32089822818824	155.94475049284196	307.2558083171665	147.5120113272486	332.3888059409103	122.64067370106108	361.4845387460814	90.14032877708684	388.93138587878695	62.97694193039629	390.98274145724736	53.74162490885355	385.0849672596852	57.06137649526519	375.7756800230277	63.026690198211035	371.61353773079526	69.9527885127681	374.5604481179419	73.42102039535186	364.11741649818197	80.8733014291313	349.6772974586035	91.53601065122173	344.70905008043286	100.163525258614	338.08949161737826	103.60778815697667	345.56827339480486	105.68622240445308	339.6301514462243	116.76482870742753	330.20670440204594	113.77102917049325
289.17405949335904	157.28213318030893	304.7971691471547	146.88503810191634	333.4633555132004	120.94020577490653	369.4393986389359	87.82056144446973	392.91322689925363	56.635858809851996	397.08528551692785	52.39253609080628	391.93750452865555	55.09920623559686	381.3417407556311	61.22818287071589	377.21496794969886	67.76453470502301	372.7794220872993	70.008643173346	366.8713258459011	79.81916101735675	353.69415406660124	88.41184825432634	346.21729457249444	99.03498947542678	346.6392053915214	103.84585696705243	344.6730842517213	106.27786914485733	343.42540371799504	109.77443863170545	337.68105655465786	114.16738761759117
292.3321747595645	153.72095714757205	310.87082156322515	151.22987418915815	331.4500166945347	118.192264565575	367.7834462081198	86.98493176938776	394.03564539333166	60.99677385285512	400.5585611629997	53.524241667885406	393.05785493549257	60.8668827471534	383.31141262570793	62.392632545294504	381.0725623232113	68.4698384757404	378.91843010046057	71.28277272474665	364.9131631052067	78.35664696070388	354.7452358509909	93.01083227258073	347.1440267056892	99.1087928168598	344.29561383408634	102.19111396046577	345.86867438015156	106.46433706454047	344.5102244416401	113.52860345344861	343.82136144938585	113.65615782838037
297.3590727547237	151.96077645572026	306.0724401413384	150.24706592358714	333.60887791016586	120.92338365705123	366.8977006237231	83.03234053551472	387.332734974653	57.63381787020436	394.0401467153848	53.707760034484366	392.1930470501914	55.61955360133889	384.3301312418313	65.34019558071112	381.1011405834818	69.10039131175985	380.7167447204989	68.69622156982568	366.8933038135977	82.30847515912232	360.0768037008109	86.91392774421027	350.42041465512585	92.62528823633271	343.9061123773645	96.99414838936138	350.61560500665854	107.50155235104353	348.25027307538545	115.26483054979211	339.12313117915403	113.59088992615374
292.012934181249	151.67749974207788	306.7479226662377	142.17250757160235	330.1339006278074	118.56567926178582	366.82601830840684	81.5266457644222	389.6733171038283	57.93778633897419	392.59205837731275	50.90640765688934	390.0854687336757	55.22685768585633	378.56498260392004	61.85239757358416	378.1994633701833	63.84076584470465	377.7927325727177	66.63580144853782	361.348351243812	79.0115345687599	349.936589631925	87.33388206378639	344.9784922594566	91.70123383898603	340.416655228293	96.83537796067925	346.69038980873313	106.90876057077641	341.2635531948151	110.0416531269692	335.0320109653983	107.45958557895739
289.42325100569144	149.1255787132749	305.6645185914591	148.28261897769656	330.5807855973008	117.90592150100137	364.9493011311614	85.28173346868488	388.23112922864226	56.447515204537325	398.6505871154314	52.71383399997067	390.59114917608855	54.50849050665649	382.1189490988806	60.1430270733833	377.5462119473788	63.25763781561464	378.33824730295964	70.21573579651582	368.0969954231717	76.27649479293922	354.10821178968695	86.14308221927205	348.8194678897544	91.55378257140698	342.92520765722827	95.95122988261414	348.1414021395126	102.21941191477467	345.7003120029623	112.77309649204997	342.759853508848	112.72671169492976
49.90958954950797	234.11099373791194	51.46876492108487	237.52025651070682	49.244289748224105	239.9172148401363	42.54670081739083	242.94809742907495	36.16935918117396	241.5385635981218	40.414181513121825	237.98041093895182	42.339155080267496	202.61506664377202	43.96457668025383	158.97447673914291	40.76461778424133	125.1113635684714	41.32893968960292	117.07426245400693	41.45744163322635	98.68959078846963	35.13095087820582	77.42112148718014	30.281911223954697	55.300361013356415	29.82770028703148	52.270307702033804	28.86616597826331	55.96743977642186	28.66929628384517	56.461679603786855	22.311932906714716	58.42287496532868
61.55416136754994	243.30153596687774	61.015329739901354	245.260967124716	55.13192499399172	247.52101820447314	52.477479023269076	248.1153114196356	49.86136058320933	244.51761212133047	46.05087830436023	239.84169286663013	50.57277253012071	207.42439471619107	54.558654274446866	170.34333222685365	50.00266448365103	134.0131463324554	53.000888673021635	124.27865399709238	47.33582389436738	107.82472706513275	45.25635920951269	85.50055585728099	36.10093420286821	61.82441893228003	34.679269320747196	61.97207237346754	37.8166524392704	65.61821070665395	34.59203754863413	66.92940289337226	28.561948091364048	60.50502939727579
61.09139250822303	241.98707803404773	57.77856858262282	248.07790737620397	59.749971498940226	245.76857636487046	51.52441191291642	250.0822055237673	44.17281551886599	251.24163738240767	48.56375556084633	245.8906873681808	53.59210025757386	210.44671954821453	53.115620902418684	166.78479583774248	47.692486684028	133.4048580566229	49.228936638806076	121.60363827139675	46.41599754477531	105.96632561246436	44.215094213418524	88.0337763456347	36.43323118931038	66.46761716970575	34.4415256937836	62.39802433378129	35.20372441107104	62.6049560220013	38.24480015199991	63.322136106441405	32.92741851751066	70.67714263376635
58.95884455648809	242.29366448069499	55.84953285284767	246.54814218534486	51.11692011439918	246.6803518802382	44.918372259259584	245.8347265863561	40.96424911012607	243.23764498609586	42.25320410063021	243.12217697083824	44.84727847758346	209.5962831193406	47.270306703907366	165.48087521468435	48.19930471329171	134.0746086300846	46.94797122324355	118.8322680146105	47.91654292310776	104.48815737260718	43.07419467719859	82.67835700166836	34.968723414563186	59.895992618336685	35.76670968022025	60.098406880813144	32.65822626037227	62.23671788440107	32.58823883605988	64.26964456933756	28.755969171434508	61.55563681380624
59.23994741586121	238.00855689204013	61.23056726450067	244.86321091590486	60.47079424023127	249.8235157736986	55.30165070299909	247.53738919037278	44.0461725691228	243.89798802090922	45.76595752578218	238.29406311631152	51.06822732209044	205.30639626664131	50.50542501258458	166.29008229242643	53.04006894139701	134.3400919708962	47.126438465041765	122.50864250620738	48.82254761387535	101.14961600895916	42.5300405448711	83.12877639195915	39.62965596630268	61.513793483470096	39.080591628425175	62.26201482643207	38.679121156028344	63.2751786373528	35.14891438750652	61.95594513345115	32.76491442327371	66.69745704734845
57.66718453831628	237.92688908588752	58.98385068337183	248.30194738841743	55.424041151359546	250.58214702766105	48.15474389281658	253.01715141607568	39.24080028756514	252.1082006669471	43.75338262853259	239.7398848730403	50.907310913389	207.42559158145417	50.75788669064598	167.2119300177734	45.8250100979929	136.5500905903025	44.48151159905351	126.14458744150477	43.975649019954375	108.06339074241049	39.84820248510408	82.09022277047772	34.61137624491512	62.77001191709692	35.063703070858814	62.01537909157043	30.43674212700652	63.494497302837104	33.76606280158889	68.31910047670654	31.897665577787173	67.4897079945592
55.188148643024974	242.39284761683078	55.74670572512035	243.78941467824478	52.3061581457698	249.41983770339425	48.190994445514804	246.30051591924675	39.5327600349652	248.14070093604624	41.43080305236125	244.63604574780456	46.97314493598299	208.04058067369235	51.519575838970994	166.49982691952704	47.68119720486704	134.25398637035818	50.61722960834476	122.17852176274783	49.060008696691696	103.06046529902706	42.23993127301706	83.67944051355884	34.87878554187967	62.03070105786073	32.219119619604605	56.9494913282243	35.768795199709146	66.09347752342046	35.561974983430545	67.27419140699514	26.535859609083715	66.47374723928645
63.816313221361895	240.60298458730293	60.05018429158812	240.99396208494255	60.078753075211644	245.39625031282745	52.3103904147585	249.1356911331059	45.92828463405774	249.76710665083175	48.821285698485454	243.84864753989348	53.42182270037896	209.3203769254063	51.226409817788124	163.25476108045675	48.756278317742655	130.45474959799452	55.58794349004952	123.91200126684367	55.279129462408534	103.13255649144688	43.57637266044101	86.29428269451058	38.63811830918591	67.18089251793997	37.817336428260006	58.18634171113139	42.64906570732229	62.897699003718984	38.53956288597838	65.07908606764494	30.45176993001424	65.51588361008913
51.346105759256496	243.27859281879174	59.02460366852879	247.31903154463527	57.42215676476969	247.97815406460657	46.18527587325919	247.74053818190546	39.4598955416035	246.66289456292452	45.12578394418649	241.1885408508159	46.622649306293695	205.20726266292718	51.42640468211235	166.42408895084492	49.65738809354918	131.28867275245435	48.54380928632686	122.7877068978529	45.60388387995838	105.39876666309789	39.169504789968634	84.84112504412795	33.84605813003928	66.6470298306007	38.792939247602234	63.415440852029526	36.65372717550496	66.5757315377308	34.185713953363646	65.74455788359192	31.65870902485591	69.13473686769882
57.0587516934839	241.73595549945716	61.39407671759378	249.76157887587868	53.616152447344234	251.08390634800827	51.160103482661796	249.07171086948387	43.914217572342956	245.49063209321272	49.16934924050083	240.9500827787595	52.11860139857351	210.67872805011294	51.63934794290061	168.78599722431412	45.19582655885682	138.201669584862	47.99787908877602	128.1070246067655	46.49556561020498	108.40260589669079	42.64568532861474	83.3343076348476	36.18539267868317	67.00740021096664	37.87871838817564	58.557066321465555	39.6064094802902	63.601367584016785	35.582083726125504	64.09928513054811	26.364018876912017	62.21719280760767
