30	5	3
0.0	0.0	25.0	8.347261558419175	50.0	29.288739313201432	75.0	22.730438266183004	100.0	41.99635272802736	125.0	56.2010393901774	150.0	96.71065931951267	175.0	81.62189650621295	200.0	71.33441207591594	225.0	68.62990163645081	250.0	45.85024383043517	275.0	36.410010533945595	300.0	45.40373827678125	325.0	54.928789727510946	350.0	50.52007970171225	375.0	36.88607985004571	400.0	47.98696994516026	425.0	173.0633785838422	450.0	232.30668466497178	475.0	241.86284504920596
0.0	0.0	25.0	10.65235683010813	50.0	31.26451713308051	75.0	42.73085641895939	100.0	28.870785058952134	125.0	47.8069142576493	150.0	164.89118481646358	175.0	151.44140170419283	200.0	132.12741373457123	225.0	22.858999449465994	250.0	116.75130748696488	275.0	129.53228929336552	300.0	180.28903339950494	325.0	159.50864544006077	350.0	155.89747802740004	375.0	154.14287887787253	400.0	161.3219531688463	425.0	215.06734313993516	450.0	216.2272674800456	475.0	239.48874299912913
0.0	0.0	25.0	19.140676535572233	50.0	13.653410157598088	75.0	36.876858552265574	100.0	55.602396624379466	125.0	53.504870067065056	150.0	62.808759830251496	175.0	59.22732364920904	200.0	46.215470440593464	225.0	33.12927725864346	250.0	54.21126787773274	275.0	161.0939026859895	300.0	153.6723539869642	325.0	150.5355857032707	350.0	159.81577409087458	375.0	166.03253325841837	400.0	161.38236856530963	425.0	149.71788107579127	450.0	16.09672656004087	475.0	238.34847642939113
0.0	0.0	25.0	16.77391527920461	50.0	95.43707735542873	75.0	109.15039215403962	100.0	105.79686079442777	125.0	177.04657854461922	150.0	153.61910208875057	175.0	145.09947154133164	200.0	64.77644459980124	225.0	66.49951800609531	250.0	86.45388966821298	275.0	107.1343098491919	300.0	178.50382909437633	325.0	201.25699434139008	350.0	203.2617032255525	375.0	213.9799403005298	400.0	209.3551317567413	425.0	222.38697384060765	450.0	234.29659503690135	475.0	243.61362236048393
0.0	0.0	25.0	24.644021346116894	50.0	13.581407208134431	75.0	35.06185040930936	100.0	35.755390661743114	125.0	32.113022008148505	150.0	46.13641207725346	175.0	72.01324176960162	200.0	84.42025148407251	225.0	101.09775346573235	250.0	100.4860338768488	275.0	119.05470860026529	300.0	144.72050793498502	325.0	140.22851512263236	350.0	147.58120827012377	375.0	141.06755006974407	400.0	131.96549249805426	425.0	198.66823857762947	450.0	219.74636237052852	475.0	242.3340729438418
0.0	0.0	25.0	127.76481853801866	50.0	50.88326381293747	75.0	35.40706655836611	100.0	19.36454758942369	125.0	35.312842893210544	150.0	35.10407637663394	175.0	44.75092609581276	200.0	28.832317575840012	225.0	28.126500492350573	250.0	54.19922225619619	275.0	39.3573315742426	300.0	83.65923059010734	325.0	149.46542006457187	350.0	88.70708495564205	375.0	99.1020866049336	400.0	89.8527089853842	425.0	76.63292825843777	450.0	62.033118036112015	475.0	240.70298802405014
0.0	0.0	25.0	12.09162533538351	50.0	23.81012952874443	75.0	29.257222825306798	100.0	34.395103655272415	125.0	41.13895008273436	150.0	66.51987639175314	175.0	75.64807710162069	200.0	167.12348398621356	225.0	165.99699972370314	250.0	180.27072617761897	275.0	196.52795021956734	300.0	185.84955112388403	325.0	179.71144476837125	350.0	192.956279058309	375.0	178.51385108722076	400.0	198.7168876617292	425.0	206.068208685383	450.0	214.68824897218434	475.0	242.33698253568673
0.0	0.0	25.0	18.637560283071238	50.0	10.02943627649497	75.0	16.604937377890142	100.0	12.08042559441192	125.0	11.978199551812702	150.0	74.63835326271372	175.0	86.46549446588698	200.0	102.90210642587756	225.0	56.31134433506567	250.0	68.48047214012453	275.0	147.33416967024226	300.0	134.58154353969869	325.0	80.31118080443443	350.0	80.6772787526163	375.0	65.91887009006453	400.0	199.7970057689011	425.0	206.4314124064622	450.0	228.65074356279325	475.0	243.1707413723804
0.0	0.0	25.0	114.74571336710846	50.0	60.18114127118828	75.0	73.58859421496038	100.0	230.54901342128568	125.0	221.56056009751228	150.0	127.06331531329651	175.0	130.4224702224905	200.0	120.62886246203625	225.0	175.5448076078688	250.0	160.53809279427665	275.0	138.0451178113276	300.0	131.76150318595748	325.0	105.56866045182385	350.0	208.79261946913115	375.0	198.12061238992945	400.0	211.75079886698296	425.0	228.38803652784472	450.0	239.98383847669334	475.0	247.5992383321859
0.0	0.0	25.0	15.78257512627161	50.0	16.448811032006507	75.0	10.103767356727957	100.0	15.232254601367995	125.0	15.93875706863398	150.0	35.26975333206983	175.0	78.52995146362137	200.0	113.40068077296482	225.0	127.78718091741788	250.0	122.63792915519727	275.0	139.372358431071	300.0	143.4981627856288	325.0	155.45237768904624	350.0	145.66397134974474	375.0	170.93901088373735	400.0	195.72652645282287	425.0	217.93950982821988	450.0	219.019547371074	475.0	241.3987531411156
0.0	0.0	25.0	111.04215747606061	50.0	101.5991912253909	75.0	93.97847504900523	100.0	114.4647856986149	125.0	131.18299459779692	150.0	145.4920653417101	175.0	126.96925480850419	200.0	128.38244109000635	225.0	160.67619658541548	250.0	161.00073660344523	275.0	158.02921713257857	300.0	182.96192023223682	325.0	202.78179397757634	350.0	191.47712078940012	375.0	176.61421360837295	400.0	198.59102256472255	425.0	213.78425969156007	450.0	213.7613899650866	475.0	242.39890714928887
0.0	0.0	25.0	29.30682646692806	50.0	42.5760609551944	75.0	58.46258931258126	100.0	59.66980654138946	125.0	139.47758001986136	150.0	121.04951882820083	175.0	227.4481634551476	200.0	223.6374483950272	225.0	118.40257981299567	250.0	130.2200701794374	275.0	146.77020224780415	300.0	221.43053791333978	325.0	225.93956855527327	350.0	230.10411063095916	375.0	240.90500041285122	400.0	239.36264335128266	425.0	221.9021280635722	450.0	233.69308476477812	475.0	249.67789401751287
0.0	0.0	25.0	103.89946425802778	50.0	126.5197858495953	75.0	133.09001602701696	100.0	125.62412070726407	125.0	228.38283099244617	150.0	218.6718925574117	175.0	224.06152169640808	200.0	220.5454298057187	225.0	208.5148244662975	250.0	223.50456879246244	275.0	221.92723994456014	300.0	169.06662808862936	325.0	178.46535621527906	350.0	175.65449218199768	375.0	168.1461367155287	400.0	177.92007598133054	425.0	225.59262778460425	450.0	226.36557549111043	475.0	249.7679642301583
0.0	0.0	25.0	22.876097296839344	50.0	36.758112894627956	75.0	25.6746146372935	100.0	31.72726477677773	125.0	33.553849983935265	150.0	75.20682243047443	175.0	82.01129469385137	200.0	111.79865082662586	225.0	171.32247982928672	250.0	173.63934565217798	275.0	129.96197789778253	300.0	145.77074483298355	325.0	167.01896594016645	350.0	157.69876635706694	375.0	177.8178265083091	400.0	210.5748905063314	425.0	221.4549309322268	450.0	220.9676196872832	475.0	242.575797345812
0.0	0.0	25.0	18.77008075185682	50.0	119.28282065418644	75.0	122.03006931405707	100.0	202.40960130391477	125.0	141.3748534026064	150.0	116.51130654195597	175.0	126.38908945475234	200.0	116.45309754377085	225.0	70.64991790455899	250.0	58.034111621125	275.0	111.62231271823251	300.0	102.5750140994566	325.0	67.70673026313577	350.0	88.67396168490207	375.0	84.93182413626228	400.0	97.33836631870906	425.0	232.86279444775755	450.0	233.48421574631567	475.0	244.86783989352588
0.0	0.0	25.0	18.912030366257106	50.0	23.189438504738675	75.0	10.174544644847991	100.0	65.1186233978754	125.0	59.50511770140294	150.0	81.9638865987486	175.0	49.505309514333035	200.0	43.5997533282602	225.0	36.848586931404334	250.0	40.26988317273349	275.0	63.816271549992756	300.0	82.33813582571948	325.0	168.2605076619844	350.0	173.67363085011445	375.0	53.68480528539074	400.0	183.81183392558327	425.0	209.35227582134993	450.0	226.81164857157546	475.0	245.1349426305275
0.0	0.0	25.0	29.8461786006166	50.0	25.9260745842539	75.0	13.245368136624965	100.0	23.11273856768308	125.0	13.741380021697044	150.0	130.32253590063823	175.0	130.37015278162662	200.0	45.99025023220885	225.0	64.79179092161824	250.0	66.88551934333677	275.0	56.51318457457055	300.0	77.2810585042449	325.0	104.67905160312307	350.0	73.71030581683266	375.0	81.37404166984352	400.0	223.36767434799944	425.0	239.6181463580354	450.0	230.15430250519435	475.0	245.01287547874273
0.0	0.0	25.0	29.04562462226999	50.0	20.594575891436882	75.0	51.176941117075344	100.0	53.29820537196163	125.0	165.23700832322402	150.0	154.84354138081596	175.0	218.24719511256404	200.0	187.3189799838184	225.0	193.71189489202465	250.0	196.5817090322118	275.0	146.9016525987991	300.0	148.18725653624804	325.0	148.47139902046004	350.0	200.41074097960902	375.0	220.87371424845114	400.0	227.00484819946246	425.0	230.1236996181147	450.0	236.29686612657662	475.0	248.34649164635658
0.0	0.0	25.0	15.938141636958246	50.0	17.644920376276783	75.0	38.979863026608776	100.0	101.54577116587467	125.0	91.57001147623572	150.0	95.43448011397007	175.0	119.98551781649061	200.0	127.89265630755571	225.0	65.88517922042361	250.0	105.00223981034053	275.0	117.53925691449555	300.0	122.23259130071158	325.0	139.96718562803497	350.0	135.24608595651452	375.0	173.49710596097145	400.0	195.03959663960018	425.0	201.97189219787649	450.0	209.6871936062064	475.0	239.03763284211874
0.0	0.0	25.0	24.25086861584844	50.0	40.55098629415177	75.0	54.64687230840595	100.0	62.49201246234804	125.0	63.91071192152559	150.0	41.41601594347021	175.0	113.24522268416042	200.0	117.56916281265485	225.0	123.92859736921862	250.0	108.95053139379863	275.0	119.08895712634883	300.0	118.75258041144332	325.0	79.82721272764391	350.0	82.53173180328197	375.0	60.636601232223406	400.0	50.054493927548215	425.0	98.79722328834883	450.0	214.18242113829155	475.0	241.87194463479796
0.0	0.0	25.0	235.77216666735976	50.0	78.42900829117312	75.0	96.66401593512721	100.0	169.55896216305115	125.0	189.37027173418286	150.0	187.64764797647263	175.0	196.87202874646897	200.0	187.35596854503882	225.0	191.4003192232394	250.0	180.53465079193967	275.0	218.125014704129	300.0	211.33519362234478	325.0	218.8042563117338	350.0	172.5788095013489	375.0	182.35862166716328	400.0	205.15152907197984	425.0	207.28325896883638	450.0	220.36804279838253	475.0	239.08988147599356
0.0	0.0	25.0	11.633894268269655	50.0	11.5415484011619	75.0	31.507783406663997	100.0	20.32491531058707	125.0	41.964059225622414	150.0	79.10174758966494	175.0	127.42249288215382	200.0	173.36885939954092	225.0	204.89449425253665	250.0	189.4004677959208	275.0	179.58796570583078	300.0	190.25409836043775	325.0	180.2502046895738	350.0	107.28753715900616	375.0	100.74648210790875	400.0	115.34950995667546	425.0	126.42734971105135	450.0	229.92515628638284	475.0	245.24982687012954
0.0	0.0	25.0	9.863096028904828	50.0	29.27884748677394	75.0	79.3600728111556	100.0	77.66655002650546	125.0	28.730416795460364	150.0	132.2113392163564	175.0	53.301319284111216	200.0	60.55929622586045	225.0	48.92559878327072	250.0	46.7809688967259	275.0	31.555794835105765	300.0	47.015312658527606	325.0	32.949908022839736	350.0	16.14773623027413	375.0	21.583175335560583	400.0	47.894775027196104	425.0	217.1672869758899	450.0	233.15258773307104	475.0	243.8934880584922
0.0	0.0	25.0	29.982405872226128	50.0	28.575519727726764	75.0	52.254174971793454	100.0	53.548137426300286	125.0	141.6154638495655	150.0	200.0546224606477	175.0	196.81466414110957	200.0	213.5334833652053	225.0	227.57293149477673	250.0	237.191753702453	275.0	134.74883040965022	300.0	127.59322911292524	325.0	141.44223739439062	350.0	126.94482602008813	375.0	131.79606005580328	400.0	130.45014980267825	425.0	126.10717652406132	450.0	242.08159684252934	475.0	243.38063187780804
0.0	0.0	25.0	28.349948662239466	50.0	18.929407355027937	75.0	26.197752046993635	100.0	45.937745482087415	125.0	57.854037313892206	150.0	58.951532054131505	175.0	61.002167458231256	200.0	52.52392892016055	225.0	53.85645801766918	250.0	58.34470767856992	275.0	65.52110083730634	300.0	133.1102608087719	325.0	125.99320162347661	350.0	103.63340600599788	375.0	113.54149989779349	400.0	92.20180401924934	425.0	109.21290989379376	450.0	101.95483111229439	475.0	242.32569431456994
0.0	0.0	25.0	6.121348121703789	50.0	24.05501730967398	75.0	18.048362115350685	100.0	14.822414086894629	125.0	25.05058529273146	150.0	82.96633641114477	175.0	117.4096784232053	200.0	129.4352659539356	225.0	124.55603416214929	250.0	107.47783250559685	275.0	101.13856467652758	300.0	184.3462240378637	325.0	157.89052849134154	350.0	40.98841244480261	375.0	32.52382615056243	400.0	184.09078936014623	425.0	208.2045435125411	450.0	221.78949473779494	475.0	238.08575906659945
0.0	0.0	25.0	24.139809917200168	50.0	43.20440054991689	75.0	37.43288847209186	100.0	50.34300890676316	125.0	62.78712991182637	150.0	61.59592285755343	175.0	59.564594764758624	200.0	90.3274434730865	225.0	112.29646604906898	250.0	125.90780268331937	275.0	133.33363147447108	300.0	135.69341212155982	325.0	156.0289675935458	350.0	166.92903291308653	375.0	186.8684472817203	400.0	202.30982878215997	425.0	210.79196057751378	450.0	212.13587933972772	475.0	239.50993478613663
0.0	0.0	25.0	124.82076175990714	50.0	99.95595702398012	75.0	89.84823596720895	100.0	104.62901945071413	125.0	81.55641595481006	150.0	65.99323754745367	175.0	62.300107743769004	200.0	16.843657252115136	225.0	14.337990289037801	250.0	14.683269675402105	275.0	7.199033939063057	300.0	31.914943451545298	325.0	84.5120269042926	350.0	74.87570506228641	375.0	56.96845811794388	400.0	206.0351677851742	425.0	219.15095617366268	450.0	215.54156177065542	475.0	241.75817435847685
0.0	0.0	25.0	90.63958428877177	50.0	106.24268016811322	75.0	86.88599793438644	100.0	76.01877317413965	125.0	218.86995677951822	150.0	209.81871315292565	175.0	213.96532367604564	200.0	218.07929139687676	225.0	198.7368885530955	250.0	214.0950673173445	275.0	208.6648936680906	300.0	214.59988434160908	325.0	224.5484541569063	350.0	213.9678608502489	375.0	235.96685514071086	400.0	226.8744455507643	425.0	221.14206440606148	450.0	227.46136744411518	475.0	245.41205921006275
0.0	0.0	25.0	85.81900961259238	50.0	63.666177519378245	75.0	55.147157415170454	100.0	67.67245034204322	125.0	72.13870813689348	150.0	70.52280521283441	175.0	47.557526775977536	200.0	55.433243575995604	225.0	59.81276930972753	250.0	52.35630558462526	275.0	74.27565734682112	300.0	79.29689445430141	325.0	91.88117840368338	350.0	126.74974625953226	375.0	107.76429006833898	400.0	108.14729442503142	425.0	93.47922488235224	450.0	63.10599913063835	475.0	247.14726441114914
