30	5	3
0.0	0.0	25.0	23.852532257468514	50.0	172.52237316592198	75.0	160.48559963189706	100.0	174.69826702053248	125.0	122.9061803428148	150.0	185.70113356367548	175.0	160.81363247575794	200.0	155.52233410004484	225.0	129.1019180356521	250.0	188.0295074223067	275.0	174.66187482576734	300.0	174.74754611905217	325.0	163.7751187248977	350.0	167.0824827434888	375.0	150.07266416287322	400.0	67.40032441695105	425.0	59.13765553367091	450.0	41.31602375521951	475.0	248.65396332879044
0.0	0.0	25.0	4.137120232074472	50.0	5.730341373459115	75.0	32.168958230310565	100.0	40.779880566575514	125.0	55.231312228375714	150.0	84.74398326036976	175.0	98.97185587812271	200.0	81.00882229553939	225.0	90.18119053753158	250.0	131.94613654287272	275.0	142.04427729787295	300.0	120.15559294737098	325.0	144.36035389856	350.0	146.44593367957862	375.0	175.1775061976944	400.0	191.54078188888622	425.0	215.55789572975746	450.0	219.06959993710456	475.0	239.94323730738034
0.0	0.0	25.0	170.8839114731228	50.0	172.00530125959432	75.0	177.47808317412236	100.0	150.95451894615488	125.0	75.66367503255395	150.0	55.995995167081674	175.0	45.91484715908232	200.0	76.10484056445468	225.0	73.64492425634056	250.0	76.1236933955564	275.0	130.29364745992967	300.0	136.2359585805493	325.0	130.91972482470877	350.0	58.081003212795736	375.0	192.80584932589693	400.0	195.63664436778146	425.0	216.6452344844917	450.0	232.81361916303837	475.0	241.64386027226436
0.0	0.0	25.0	11.072884497129623	50.0	27.69670054947693	75.0	48.375056862526705	100.0	53.81257333751364	125.0	64.01919243625366	150.0	85.46349452046266	175.0	138.6792396886433	200.0	151.01891763524515	225.0	143.8444981071251	250.0	151.71046455202963	275.0	198.07204622056253	300.0	210.43040148286687	325.0	207.9089665882224	350.0	217.69931200879506	375.0	204.04931326229834	400.0	219.21278168094318	425.0	210.7919080189039	450.0	224.90042828524378	475.0	245.95178835875225
0.0	0.0	25.0	14.381307531142763	50.0	46.59562814562325	75.0	46.9907205343502	100.0	62.083519676209846	125.0	11.446173535002107	150.0	14.820370595295117	175.0	8.996137604560897	200.0	102.69804127538407	225.0	36.30821649864983	250.0	28.53303891322694	275.0	114.8604059754686	300.0	130.50593216873256	325.0	128.0625578638829	350.0	132.68987157307032	375.0	136.6962999282252	400.0	227.62456873530587	425.0	237.4035078977232	450.0	229.95027031054823	475.0	246.98277805310505
0.0	0.0	25.0	30.677689943804342	50.0	41.570178283255565	75.0	63.88395308262553	100.0	63.036080889880814	125.0	53.171715404126644	150.0	191.3537148037528	175.0	185.43927133836155	200.0	204.53776092612256	225.0	207.1898567928125	250.0	202.69978789434026	275.0	199.9581092150251	300.0	201.73189854757663	325.0	210.06165537618799	350.0	160.54728105538626	375.0	185.75622773452292	400.0	181.12370760977848	425.0	206.59908356600755	450.0	246.7633090538111	475.0	247.81255294016267
0.0	0.0	25.0	10.543144063264176	50.0	15.599951611885349	75.0	43.61129278448287	100.0	51.64399961416673	125.0	172.267123485071	150.0	166.5451909280066	175.0	150.99394455612503	200.0	185.69742530123588	225.0	209.26325753895944	250.0	192.152944028984	275.0	188.4934151510778	300.0	174.2538147319362	325.0	160.864167530493	350.0	159.35147649327425	375.0	172.57764900779725	400.0	162.36074222759535	425.0	210.45565627140294	450.0	231.1131416420426	475.0	246.1520701303726
0.0	0.0	25.0	4.146675921677113	50.0	27.620731078959125	75.0	19.359664354582076	100.0	48.21393917926288	125.0	72.84719336124382	150.0	130.04657652442134	175.0	71.27633460733185	200.0	96.08084487043644	225.0	98.89245685767466	250.0	147.3990662994469	275.0	208.74032893143385	300.0	214.0232236509011	325.0	145.48326305024943	350.0	137.60543959821553	375.0	164.12985504299638	400.0	181.84737206362902	425.0	207.17129395037495	450.0	229.74780634408208	475.0	241.0916205917616
0.0	0.0	25.0	8.723450080291482	50.0	27.64445398081775	75.0	46.11025341818967	100.0	55.10611152858845	125.0	67.88706536365396	150.0	87.13061076751707	175.0	106.47530625654883	200.0	124.08836759757108	225.0	140.10481538748857	250.0	138.34882451733998	275.0	87.24483310080566	300.0	91.16152841543672	325.0	68.35912826516015	350.0	173.21938463185717	375.0	159.60748042838185	400.0	154.11847717527536	425.0	187.86252348407785	450.0	211.0413558594821	475.0	238.9336516657679
0.0	0.0	25.0	27.79491057223053	50.0	47.166413033123504	75.0	63.767459392324454	100.0	209.7442745310337	125.0	134.9884306216541	150.0	151.60469898842675	175.0	141.4826132884217	200.0	140.87129610005238	225.0	143.2612966737468	250.0	146.47131491736383	275.0	144.76541013880552	300.0	140.94371299124097	325.0	187.67253569062692	350.0	80.06858493183674	375.0	220.92960790894145	400.0	235.15213824549156	425.0	233.21292203851408	450.0	240.7000490691991	475.0	248.27787429775248
0.0	0.0	25.0	24.873386650000366	50.0	33.19167438620229	75.0	41.24318197339824	100.0	61.114903060791974	125.0	63.63636100168001	150.0	74.64614759628425	175.0	98.6759162219652	200.0	106.75439655020418	225.0	130.00143801621041	250.0	137.50638817495215	275.0	150.07217018245026	300.0	159.47164687551575	325.0	155.91154834012178	350.0	162.43867179596063	375.0	32.748483831140256	400.0	164.70591109793708	425.0	176.9635474623734	450.0	206.34639361915862	475.0	239.2399466173632
0.0	0.0	25.0	16.615623621839976	50.0	26.21552929989175	75.0	47.95652359891528	100.0	71.03810720804387	125.0	149.54607577564403	150.0	171.77976677017062	175.0	182.98163514705104	200.0	192.0377114358147	225.0	197.5437964906069	250.0	188.25666161526948	275.0	192.65067845333488	300.0	157.9622935575637	325.0	178.42662061791117	350.0	206.35339608623667	375.0	217.71747963333897	400.0	223.56216280153777	425.0	233.9493551973782	450.0	224.55171320684963	475.0	239.99457339289089
0.0	0.0	25.0	12.597780106319567	50.0	69.71599641977211	75.0	57.26028180690531	100.0	62.43819931330311	125.0	69.76369011801266	150.0	84.46125638146795	175.0	84.88468764351143	200.0	83.63083439164448	225.0	125.71974000961397	250.0	139.73086077667082	275.0	229.93630639651337	300.0	101.54293290811185	325.0	233.34307949324267	350.0	209.7766765962239	375.0	210.2898351571392	400.0	209.25118493798323	425.0	229.14734228575918	450.0	247.19798467111673	475.0	239.94307398714636
0.0	0.0	25.0	6.624404196742532	50.0	14.869506554238583	75.0	19.27341166832902	100.0	20.919097756140438	125.0	25.092403273839857	150.0	15.1502135918759	175.0	32.2718625089201	200.0	31.08472828732126	225.0	46.65243710767674	250.0	57.01274112421188	275.0	58.45885496808971	300.0	49.1055375912393	325.0	176.37915895030056	350.0	202.2417200345684	375.0	217.52595472438028	400.0	213.08523674365765	425.0	208.45723490807927	450.0	227.26725639328143	475.0	244.05978458866934
0.0	0.0	25.0	21.020587517407552	50.0	51.35813883903353	75.0	69.48966674150253	100.0	141.26272368572742	125.0	157.50363537507636	150.0	160.8162089400892	175.0	180.01303921511442	200.0	183.02843460185048	225.0	144.07414374057083	250.0	143.34955100772913	275.0	159.4046810594329	300.0	170.29008691605296	325.0	186.0937607128371	350.0	209.82784958074234	375.0	212.2357291887475	400.0	225.82783732163756	425.0	213.7685102079028	450.0	225.81956057744705	475.0	240.5079775613358
0.0	0.0	25.0	22.9780032234191	50.0	29.122224266240426	75.0	32.846513919479506	100.0	32.62704494971397	125.0	39.840017026660924	150.0	47.61771681428908	175.0	64.07371518571577	200.0	65.91259527024204	225.0	101.38321337627679	250.0	111.40592521281943	275.0	109.10943932947355	300.0	125.23507131837906	325.0	149.73389628027365	350.0	165.26508567021375	375.0	183.43149305860487	400.0	190.3588019264477	425.0	212.5668777050683	450.0	237.97992655051834	475.0	248.66314037014854
0.0	0.0	25.0	128.00995762833284	50.0	118.37519703818506	75.0	104.42691147413761	100.0	81.94012728019604	125.0	64.57521919574256	150.0	84.97573877502006	175.0	71.88827323404185	200.0	73.875987423626	225.0	122.9062358316892	250.0	146.44885715327388	275.0	137.2194224904362	300.0	126.31099994910207	325.0	123.49270977291562	350.0	140.2337459811379	375.0	135.80617777615223	400.0	214.50571130069724	425.0	191.93660872554807	450.0	218.41225247526882	475.0	237.64416911604508
0.0	0.0	25.0	18.22175279624981	50.0	35.470753221319974	75.0	30.80762430652162	100.0	25.693436644717913	125.0	35.9489796329523	150.0	32.72903755809931	175.0	25.150432134375915	200.0	34.913455073407775	225.0	31.514936312706975	250.0	71.28041165585996	275.0	82.54536583056806	300.0	76.28398899996576	325.0	63.30723801444344	350.0	69.80080445989731	375.0	69.98218638884751	400.0	187.47525019380677	425.0	200.74560963330833	450.0	174.519716908702	475.0	245.14005751381484
0.0	0.0	25.0	25.513820010978904	50.0	40.36083785107218	75.0	41.33254006501302	100.0	112.6185547353527	125.0	124.19223204106409	150.0	75.47805647024487	175.0	65.62600805649092	200.0	59.025603095094766	225.0	146.72060151328512	250.0	155.16574138100455	275.0	161.07749809099352	300.0	112.5090959675575	325.0	134.36445169790412	350.0	178.6412920918324	375.0	193.90634143144507	400.0	208.9045736735277	425.0	205.85768034789584	450.0	224.51624703255206	475.0	243.2213655234039
0.0	0.0	25.0	11.574542906156614	50.0	139.08738496360712	75.0	126.69192840343729	100.0	154.0465813902058	125.0	146.16235008100927	150.0	156.5931241234041	175.0	124.3626103205977	200.0	133.1497580171427	225.0	108.90728098356985	250.0	104.93718354049682	275.0	107.69383931086813	300.0	98.73506246675281	325.0	82.03333869927295	350.0	170.77440921017666	375.0	191.14626700240999	400.0	181.9865896490282	425.0	212.75686934208943	450.0	212.65826502252725	475.0	240.28834793905617
0.0	0.0	25.0	22.015232029189985	50.0	47.67001830261371	75.0	67.6905158181946	100.0	85.06332986278798	125.0	73.47839434021128	150.0	77.17902247598661	175.0	89.64080570850777	200.0	92.03785384278622	225.0	86.43031188657031	250.0	106.58075225247595	275.0	118.05305903394722	300.0	116.91333418656727	325.0	117.39379724991326	350.0	111.25476989487989	375.0	107.37188795307785	400.0	116.67594976541764	425.0	127.95266700501834	450.0	125.4514104422984	475.0	238.28351805164442
0.0	0.0	25.0	22.02171558240275	50.0	22.917744248621908	75.0	51.09673148810501	100.0	38.99092295025033	125.0	164.99839519053552	150.0	162.01288807947196	175.0	166.90696612054586	200.0	161.74422712270248	225.0	160.26920569828195	250.0	146.76269490092935	275.0	121.47373184605051	300.0	121.30061066615471	325.0	120.30398863715156	350.0	151.75096259510693	375.0	162.14464603812354	400.0	171.8232940695861	425.0	187.4484683498334	450.0	213.47242082686117	475.0	238.6371197622237
0.0	0.0	25.0	21.245993755243394	50.0	146.1883407627831	75.0	141.31503241178564	100.0	117.6373092684427	125.0	75.63422615336938	150.0	65.61303171457783	175.0	71.37784328087366	200.0	70.06699646661922	225.0	53.68315122903813	250.0	57.21504668854037	275.0	58.34470152785627	300.0	103.10225232375551	325.0	84.76252698702146	350.0	102.17532714766757	375.0	96.24610268105702	400.0	49.55151362208616	425.0	41.88944656905445	450.0	30.941664390340804	475.0	244.31612124704822
0.0	0.0	25.0	14.680063602942784	50.0	27.92350133231609	75.0	6.3617715289111585	100.0	7.510577423685177	125.0	23.28773959241672	150.0	14.41961749282363	175.0	22.645091828741684	200.0	38.32304977257908	225.0	124.17598532743207	250.0	120.61819880921334	275.0	53.39493793282268	300.0	63.49862988017018	325.0	43.07277084799651	350.0	42.19586066248043	375.0	59.22607606712118	400.0	55.17347987117019	425.0	214.12231898608297	450.0	212.77624213223618	475.0	243.0847306234617
0.0	0.0	25.0	134.3771698437673	50.0	148.2560012236213	75.0	133.57664220463204	100.0	95.7158674299079	125.0	236.22583428202273	150.0	224.54273220497026	175.0	236.9543848129177	200.0	213.02431541404945	225.0	176.60053364877845	250.0	160.35162527622438	275.0	165.6680675835505	300.0	153.65198384322252	325.0	146.2087277677713	350.0	84.19870923524596	375.0	52.05046949149407	400.0	75.14311482104662	425.0	82.74232551189169	450.0	215.02838666972747	475.0	241.1889100280394
0.0	0.0	25.0	14.186363381188448	50.0	95.15483035670265	75.0	92.77945177160007	100.0	71.37364086898256	125.0	83.17957017431858	150.0	85.50098775106467	175.0	61.52598644966481	200.0	74.53364813785568	225.0	51.34923114087384	250.0	49.755436643191246	275.0	39.66617722555823	300.0	49.93734304995922	325.0	205.1718144431521	350.0	204.04918071705208	375.0	199.03032801425343	400.0	244.0908200652541	425.0	229.33254275178697	450.0	219.4414439302625	475.0	248.0406638856576
0.0	0.0	25.0	16.619600211295616	50.0	38.40450062176252	75.0	40.60687128887325	100.0	51.530898426598945	125.0	70.24430707911888	150.0	154.88985648421337	175.0	146.51914568210614	200.0	144.35850020998498	225.0	158.70218798873861	250.0	148.1964091497135	275.0	151.24625527369358	300.0	166.19158748648368	325.0	186.06180479191815	350.0	192.495605205831	375.0	221.17079327452808	400.0	224.7090247675721	425.0	225.597359412348	450.0	245.39752128122092	475.0	247.6737659689562
0.0	0.0	25.0	33.570101172704675	50.0	21.240719653041058	75.0	51.58011437814072	100.0	168.16623916825742	125.0	88.85590863885098	150.0	57.15547094239535	175.0	89.54883045549158	200.0	81.54863384730656	225.0	57.027437908928235	250.0	98.48158398141724	275.0	153.4011519074673	300.0	159.48761376892273	325.0	89.31936928815608	350.0	163.80759751674032	375.0	190.40381356126346	400.0	231.71382000000898	425.0	235.5297389141186	450.0	241.72437675323198	475.0	242.69611996596686
0.0	0.0	25.0	80.90187503634958	50.0	62.72521555409819	75.0	84.13508974959385	100.0	40.346760533249714	125.0	63.49555921314311	150.0	44.51764324692458	175.0	64.40326117297607	200.0	74.66014396042883	225.0	85.06817070031276	250.0	80.23591660861025	275.0	117.31582347744919	300.0	124.36635609458433	325.0	173.38188126054018	350.0	194.32460420655886	375.0	210.83426361288622	400.0	218.02333979280766	425.0	207.74256330975783	450.0	232.252538431119	475.0	245.58572553376183
0.0	0.0	25.0	2.4328181609088397	50.0	33.721503173359736	75.0	48.504492034240016	100.0	104.0673324943197	125.0	112.35911620931111	150.0	79.01101566458178	175.0	99.79722058996603	200.0	113.51338691895421	225.0	124.07410962240382	250.0	236.80521618009112	275.0	230.773563524419	300.0	218.9055692811875	325.0	157.09588076370943	350.0	172.10715377455728	375.0	135.84218241135133	400.0	186.5036421428593	425.0	144.64168549496327	450.0	137.66011806517184	475.0	243.7776711585945
