30	30	3
477.3681672582571	87.45949852208122	475.0129379434282	93.57371221715283	447.1380458116156	122.65860428788164	415.0248601363541	154.18956929898542	380.6611476012761	184.61578200949913	350.11372446633754	210.4346747686767	344.4858638477506	213.88674638001726	303.51215593114074	204.9243014134352	258.59354617258947	197.02377449914678	217.6071586314342	190.91927861433	175.66082289443457	179.24623071712668	173.55726267681314	175.72136031473647	184.45190089314028	150.9366104502854	194.18047601493896	118.71506792957007	200.85139077683863	86.23708325118832	209.3122981163907	56.856730142080615	213.3122171327527	53.07446543710687	201.99956764047516	50.11456696279166	192.62848485551658	44.02363891058244	178.75436710204073	38.66535496142227	166.7646139548164	30.629627511347103
478.46597432432446	88.16288618254235	477.5463105917562	93.64083586313401	448.88117363432906	123.49710333719257	417.74018494158247	155.69040372769507	382.44099948377476	185.98522565799794	351.3305745319753	211.13681492885337	345.9947650288538	214.14994030587602	305.7226885763628	207.0776231354741	262.2107344130854	197.90762290201482	215.9978080997256	188.11958055541803	176.30969544114953	179.50904150928142	174.09784596445635	176.57360340597762	181.829482126548	148.8814410313447	193.74600306547498	117.4131994011858	204.76469847371334	88.78709614870984	210.4741433205702	58.14832856446897	212.0676455905734	56.08473135808609	204.47766985919296	53.09053643352046	193.3764663508337	46.64898544501506	179.67811523518697	37.769263617633705	167.86242102088383	31.333015171808242
479.7504990218743	86.25786135517268	479.25855448515995	94.0198619592614	451.53286598454713	121.48034050986693	418.2805772290351	151.86162047358732	383.97190763499435	182.3993350937601	352.69472947885663	209.16045634265674	347.6300989601078	213.49785110495912	308.0429896585458	207.6805620976196	261.59016994675335	195.57414002280373	220.0368361113607	187.26448868620716	178.17079434815525	177.89014036570873	176.69603623275302	175.7012607331364	185.39900437926704	148.37455853059677	194.8111697592723	115.25065367030564	205.3647057458744	84.12981959150777	211.50365227995766	55.952694602159525	212.21976593963765	54.55683618897637	205.71914920268787	48.10709509123109	192.87447438442587	42.0178695891739	181.33496725151713	39.35635250928352	169.14694571843367	29.42799034443857
476.68620992734145	86.14611187467432	473.42870858300773	92.87305825898746	446.9820981875379	122.38220637976194	415.6581938215258	154.27175714623857	381.53315769471476	181.82310726484184	349.48862646676133	208.71429390324073	343.0195324549044	211.47798542522548	305.15880640514496	204.89465948569858	259.02485829048777	195.71539158535575	213.99891902842035	185.60816373241173	168.95079662051188	176.20668058222833
478.76197090318084	84.36600041076983	475.3113791985559	92.93474219272622	446.9277618000527	119.75297600029218	416.5864170139323	148.92542972101143	383.9991815459748	182.7694595800847	351.54573152972677	207.84636060914545	344.35900673899914	213.1459034585223	306.2882784325928	204.7731498785684	262.42550468013206	195.81575118731092	217.79167322516378	187.37934004824984	171.02655759635124	174.42656911832384
477.7496560261261	84.14190152142251	478.28918995246676	92.31482582544362	448.9447669722229	118.0841803792355	416.1010775104914	152.00588759162113	383.6352375442754	183.38259554165248	350.80850595208534	207.36941139962158	344.6225759905433	210.79964714197007	304.84450590705654	205.51303268229282	259.67784500633434	194.5278844949429	214.6085543886686	187.9067445503033	170.0142427192965	174.20247022897652
476.3826911122849	84.56222039412603	476.34978548638605	89.63545640945095	445.44997215114546	118.15821598467488	413.19606645023157	152.36578772854403	378.5233627105106	179.8631092786221	348.73114755662345	207.27573020736426	341.9345525534362	211.2724767003601	304.13131811339053	203.27811843779415	260.35959322330075	194.44738313611833	215.15080238115075	184.86722337025122	174.67422932506503	175.73234145968624	174.045976866731	171.2741366053402	180.60020121193128	143.96367488437517	189.21530182349787	113.07273234389773	200.3641462100611	82.90801746590411	208.10819344125218	54.050529660848184	209.97809463755357	50.90747386524136	201.403626454922	46.36506617076394	188.5116532897614	40.58283510801067	180.98366726535465	37.51793159452513	165.77913780884424	27.732349383391924
477.9231675372566	88.19435977047155	475.8956937749282	96.18767264255037	445.6371677246391	122.71427272017398	415.5407202634144	156.16287740322866	380.81877282467144	187.65467931471164	350.25351808260416	211.61672582003382	342.49197396420965	215.65703343664637	303.77437718529586	206.5641784899981	261.5527546373621	200.40237642732734	217.22230245722596	188.54326928637028	175.9660428937364	179.456545836388	173.33500529631323	176.2118360801542	182.68034241742473	152.17027857354756	192.70752429608999	120.87599775592837	202.9993638005493	88.8886933786287	209.88881116403485	57.85754634417656	212.06049667720012	53.97062537591172	200.6402708633542	51.41438515941998	189.9248595348595	43.9676482118892	182.3323828954098	38.86592651849077	167.3196142338159	31.36448875973744
477.25632601041605	86.40922292681242	474.36241376987823	90.43196679786934	446.71582742844544	119.28480427624294	416.01525802705993	153.66421157410522	383.46286381328173	183.41996276993643	350.2715227906878	209.44593011255807	343.5801277386769	213.62033222598185	304.5125642119365	205.13919444681105	259.1223476123512	196.5954827262818	215.29209494453633	189.3942986711503	175.15540965325587	178.0939498116807	172.63112219627448	174.10234199445858	181.06784042943994	146.10860666973883	191.01557255773236	115.65632455833574	202.02248081793485	86.85448055393374	208.94347790259042	56.45319347909862	209.59114960747365	54.52728868409787	199.6636902454306	47.50617336775926	192.1526609175719	44.263471144375664	182.184064449051	39.77973762905299	166.65277270697538	29.579351916078313
187.86481293167193	446.8835939032182	192.93253728641469	452.5315116679229	227.8278108702382	456.0067886698471	266.17246003502976	458.6306848534142	301.3084914058183	463.85335022919537	331.96024393728885	468.3379189280283	340.46415008708277	471.34572595328075	353.1398625992627	471.9682958129023	365.53972316218915	475.1006389964883	376.5917950874223	481.2729691251908	387.20375309139234	481.0817995459927	394.18028635723135	483.8481948813094	404.3865642989979	477.92037259084407	422.52894853171586	468.20734792897076	435.09112365017467	458.47099061715966	447.05181264096643	451.4892593730172	451.03985940821826	450.6612104939265	436.9908942490539	420.5356487237779	419.42616753225536	386.10183086080355	404.2299710504377	350.6919044103418	386.50952050531885	315.1502839549359	384.716079666388	308.5380095183674	377.8787814761499	290.1446859463471	368.52755613934664	264.82648378832516	357.5883785244837	242.46175461820806	348.6032896170131	217.16470441391385	353.15597077526706	212.42828237509062	383.0184600278053	184.39769057534647	416.1749130272971	153.58274615403346	447.0195205458379	120.96616108089165	478.63511889013546	87.31684759575319
190.21173901521047	447.93111794656755	195.54861406741662	451.0766403325107	231.18213122717987	456.909382619287	268.4687818129984	460.7077165213156	303.47652710606604	467.2484582901859	334.0694249447781	469.7576171449174	341.3373342631719	472.8713704534247	355.4534614636848	474.0821835039839	364.8921408219238	476.2163941920094	378.8462334002886	478.6434116978016	389.16811448352064	481.2625153881063	393.9402946117958	482.23296507680425	409.5830222110197	476.47357904076114	423.3688147940003	469.40129267818816	437.0269377418912	460.26353882111886	448.98653369195324	452.11986460519614	450.51871923606006	447.59189735244763	437.2276566128178	416.836561555372	418.88183537429734	384.99849289660125	403.37390128955474	347.16890753930727	388.6893987469482	315.6489258839712	388.9518981910431	309.8315694764751	381.7455516187708	288.3660161627799	372.46881095502295	264.7387377048123	359.90708569819043	239.163853654812	350.72335892272685	217.3119053070648	354.01693272632644	211.40808736714	384.62964376003254	185.39812554351647	419.1057353612263	155.88430719578366	450.90001819231804	121.82291208401536	480.982044973674	88.3643716391026
186.7303491038546	445.75936506439155	193.83127810235482	449.531717958016	226.73212505706076	453.61704743881614	262.4893371973217	459.26468525138125	301.64120244126775	463.0961434819653	331.28251347106084	467.17132637716276	340.867755016637	469.85158505959544	352.503289563263	471.7736918448467	361.64159865827486	474.5461911399295	374.03149377782495	479.30706171674854	385.63641891529096	479.36692272945714	391.0978301671532	479.24124348776814	402.84428884667324	474.70825599493423	421.55178155476324	468.94815972914466	436.76639878879126	459.9922387614472	445.9575409960744	450.4610049353535	447.3366793716518	447.52445636815196	435.4088193120607	416.95038268377544	419.1672040240745	384.16909535573177	400.3183947586766	348.02640494179025	385.02639940420715	313.8354266498451	383.8492449703894	307.474807705086	374.9577664289362	288.49946705581715	364.7856079101073	266.15808357093584	356.4681119577497	240.10239907809924	347.7038526907977	215.64114564577818	353.1739633134573	210.0072770692392	379.78102086058203	183.26919629516235	414.3544644577046	153.00761977014523	448.2951572147272	119.91376821997085	477.5006550623181	86.1926187569266
170.232836036499	32.004753811413984	174.34224694315577	36.09170770151169	185.21910690647638	39.57415974009786	195.28172170778615	46.077007601870356	203.4289139465848	50.07198445506018	212.54031581544479	54.176637820511466	215.8507124762209	59.91219869945646	206.28555071482762	87.7652772248546	196.39832012574303	119.87846239549576	187.92232297069046	151.076474896482	175.10093292440507	176.0739718530289	178.56600656319597	182.44143275828242	218.6522085412814	189.7271452904789	262.9139218513031	198.60985236681722	309.27529437885653	206.29293891909788	344.90474191308874	214.52586362310637	352.5393476332512	221.23626077031648	363.32015998925226	242.13957522675815	370.8959166278008	266.17428870312017	377.25066950070334	290.63841914933744	385.6176425802743	309.98626433221904	391.7642249347429	318.82534684008306	403.7563365074939	351.4291382462195	422.55879098491687	382.7580884216982	438.28790955936324	418.92571588984345	449.326969664701	447.96296366306416	452.37914755641367	453.249423337911	437.6507764247647	461.580323630453	422.5136861127442	471.4626777461594	406.1194283801038	477.04204498564263	392.38557278838596	481.48928108891505	392.8435905645806	483.011297398856	381.0825237015877	481.1378691411039	366.25690337533024	477.2478122812415	353.0086810648563	474.20650508445937	339.6703498641238	470.9705977161157	336.0344148532952	472.83191771598825	301.750500395942	466.5551740187373	265.3040811251335	462.2049889458994	229.30850078390645	454.73676092657416	190.06608338147612	448.40137112961304
171.46204599098436	29.50243350424255	173.77049672795184	35.05343388577473	186.73905061801034	39.765853060726904	197.9240111299427	44.148744814829705	206.0030153191993	47.07001810942976	214.059446765106	51.4115822066104	218.06420652194248	56.27276768961732	208.82190509097825	86.64771419442161	196.1821965142856	115.38343772841498	185.93317987374337	146.020749662197	176.2869085289079	173.36611211938248	182.66810694245672	181.12622154336242	221.3652460262437	190.36188307600796	267.20800701703183	199.8003467218408	307.32407582517084	206.7444294930605	345.7066247849615	212.4098213381489	354.23385272277926	218.86515013350254	364.2841864945287	239.9015487004432	373.3978830192007	264.76084475951785	379.4326367899006	285.9365858666477	386.82120748273417	306.903654688935	391.94842673526125	314.14527567439575	404.1505527337479	345.1489560658553	419.85000173639486	382.5604179726397	435.71171979638854	416.6019380445539	449.74066323842214	445.5327553930112	451.0980203551594	451.2818791040363	437.1264066112774	458.046298194031	423.9913895961427	465.61122947831825	407.02774380057224	474.95435823747556	393.65159094813896	479.1773389968957	394.7536450154911	481.00394014904236	382.93634428094833	478.08675418016884	368.1242888813313	476.2235447997934	353.38445268799927	471.82468987082893	340.58332467419837	468.28882460346813	335.92930996835094	469.3200925250698	302.8430108514533	465.9910354597573	268.6769171178208	460.5825304143327	230.3421449277752	455.3446623941012	191.29529333596147	445.8990508224416
169.9110332064589	31.750645269606565	172.0239998924918	33.669158057938006	185.33810428629147	41.92342881674974	192.9770895198185	46.43900622448898	202.8413179017634	49.09221315889381	212.31391093537906	53.7916631358551	216.11738018548334	59.77508782586944	204.76428818537303	89.83342950517303	195.57969397950683	117.60858663976097	185.71800457499148	150.30217708745187	174.90649963406318	175.88414530719837	180.98608752346786	183.1771253323932	218.30808676754708	191.8235261399907	261.49426349096467	197.8565516232384	308.3328819910028	208.54823903077812	344.3968817017688	214.64132007653902	351.1805571491891	220.92257543547467	360.53756522113036	241.42392749046095	368.53934240739716	266.9712826565432	381.0189420276402	290.6552095330984	385.57591307824873	310.0523884673752	389.4298083679112	320.5399351436364	406.3889623540771	350.19260342247225	422.6574787798396	383.8247657339135	435.80743484891764	418.1191517843913	448.4812903935497	447.96824751570625	450.6891222388754	455.4387831416491	438.62088290077986	460.23159526124664	423.6240672529136	467.5784706955909	409.17885731943136	478.69102764497705	392.0248135302864	481.5829916809882	388.88802937967745	482.8894780407641	379.6855715597778	480.7336250857781	366.2269679145967	477.8392352662631	351.9168380649227	476.44168015034035	339.07130255676446	471.0322894697241	334.6927040920579	472.3515787070928	302.7819973284154	465.76762489374727	268.2210817339976	460.41586285779465	228.40256000236158	456.0787474864303	189.74428055143602	448.14726258780564
479.1921903556661	87.93226836380029	477.23657180258783	95.88601517718854	447.8828965716306	120.7542536784922	415.29069819722895	154.12142212372	383.3103917359843	186.90312875708352	352.2021468442171	211.51550786315497	347.0968061364136	217.04415881381365	304.71633669594974	207.89071199650584	261.68092210462385	196.4865850049138	216.16631815548897	187.37153293420224	176.79606881664876	179.42915903900507	173.85827492271568	177.87058317516693	184.93479683175667	149.64867799584243	192.85541007874897	118.8514694985817	205.37660351445356	89.41063854692251	211.47013726208115	58.18779989113587	214.41234583942193	57.09868806508067	203.52410764107768	53.272394278449944	194.60424094528761	47.354064247413824	181.10384527451504	40.630166727543305	168.58863705222547	31.102397353066184
481.68015092506494	86.3474270486685	482.32745794720256	90.83947215131461	451.8210714127253	118.4408965469136	416.9804823850436	150.80996035677137	386.17094968578647	184.63066102747226	354.1722608137084	209.6360049723524	345.5737757108514	213.94490717898648	308.1405522814265	207.0509928735542	266.018090671143	198.7361900525995	222.1960079923499	187.1283001180648	179.6724908903102	178.06305444514484	175.40678793601273	176.72231719890982	184.6872317045803	146.5402394470459	195.99767035229056	116.32034242327457	206.05643402295965	85.5123940874593	213.8003592545511	56.140058066481416	217.95517280610892	54.16135410098699	208.37462466401306	48.16885614724952	197.30600077621978	41.86964515473195	185.23830954337794	37.16913000925108	171.07659762162424	29.517556037934387
479.96425810371153	84.81659212113426	481.06264528123484	91.71126870299291	450.518343528437	120.91474881205147	415.01568923883246	149.1717394222526	383.048671342194	183.0199564764317	352.51462602762865	208.23965891275438	345.6400013363807	213.11313036936943	306.46510855213916	203.01385197737437	264.6130470654284	197.62876330859706	217.59676931050257	187.90033195962172	177.69613250892002	176.9371851771949	175.14897708789124	176.0828321184124	186.2413046448349	147.9040244519643	192.96357417720606	117.14847332828931	202.41351633737233	84.61171406671251	211.5210823747828	54.35967965648038	213.67791494655026	50.34644982485069	203.16977237321447	45.41677359324345	195.20561786045093	40.40349067720282	184.00532109474494	35.85572862784442	169.36070480027087	27.986721110400147
166.99739204553373	30.347940398132923	169.55531391873944	33.26061901720912	179.0352058869522	36.817696472655285	193.48025785446566	44.48839719131343	201.95485485504713	50.73044720721141	209.55000705126622	52.937889168516584	212.98721870902443	58.91709532825128	205.1502894414503	86.55762789095066	191.9836808023866	119.80200673981352	180.75242603232385	150.44466704035867	171.49848746989142	174.7400408328928	176.52612528573033	182.57135099587634	215.37475952615785	191.83844759919066	261.1208223323381	199.23296575992956	303.2929923399695	209.03701133392616	341.08730843607	213.32581990797684	348.07216078355555	218.48897008058424	359.4526152720055	239.49627864954732	367.40790040284537	263.36111762824737	378.4863431753166	288.08647798317486	382.81617809503103	307.98296239819587	387.43211351512906	315.39091851722054	403.616103506785	348.9431112010762	416.792188950701	385.5317863353772	434.56811301206386	420.103782734275	445.8411050918934	447.0634436583725	447.48127557937806	454.8296372671368	433.47019580566035	462.4078835921046	418.27399709544466	467.98285455672084	405.5351762153672	477.355888137948	389.41845288925356	480.59005441182086	388.4608165057594	484.6171628012087	375.13122177558097	480.8545684709073	361.3861807769607	475.738352739521	350.3504124571412	475.4718884119259	336.587376359897	469.3909695463049	333.1970028007446	468.9691256554727	299.09678937820263	466.6428176200578	262.5868325333228	462.4324505670717	225.68361493499185	456.4302689384141	186.83063939051084	446.744557716332
168.14954639581444	26.681564281589925	171.85547933078806	30.490029862374104	182.33970487824084	35.38776139630228	192.03821911565367	41.3417383259003	203.82459442965717	45.367413618298855	210.91965209859427	48.852633236610295	214.3345569694869	54.16489767273449	203.45796121426156	84.01172534577502	193.72495632242897	116.3466818184927	184.31268324657242	144.22839636080434	173.30453847546156	170.33489933202674	180.23032703580927	175.83174554239912	219.27719192710578	183.69829630486996	263.07575313402356	193.6079517240317	307.4038960837023	204.1465001857394	342.80630735574783	209.58638491994745	349.9527507518791	215.5542876430446	357.23101768951824	237.55048864505795	366.09189835330346	259.4839984774637	375.543365613222	283.52627123224624	383.5298888705776	304.17926626324777	389.0592317873781	311.73358020815243	401.932516936111	346.309885991883	419.56046725858084	381.31121241735923	436.2021327172536	415.7256880242434	447.0827695572818	443.3114177149686	449.02947617581987	451.24197612248213	435.3027812242324	459.26228343827376	421.9721012393518	465.97105430946345	407.7907021842499	471.230253021914	390.60966057503214	476.50761642805526	389.2081136202559	480.59851676870113	377.81313199344316	476.4862946319884	363.15326008614016	471.7064302303276	351.4162765957016	471.80945845940744	337.75980728354045	465.7460022764575	334.98541697175847	465.4965241120012	303.5559211972604	463.65061972608413	263.62513818830803	457.89759201607524	228.2771980698247	451.49626366037677	187.98279374079155	443.078181599789
170.82119128206602	26.421627551646434	175.680015368418	29.50017091500349	183.59913795542423	36.32820360403747	195.63312063353166	41.32449142335716	207.86128901489212	46.17273336703826	213.4262528986281	48.91590064043815	214.55009189411538	54.838634164322826	205.67033269324	80.9520299274937	196.43013897175996	113.95063588887396	186.03098723029095	146.67299032305343	175.77807921934695	170.63399037646099	182.53103493916382	176.74837636716668	222.37577625421153	184.92006868036844	264.7147129680897	192.50041354238635	309.9010098454609	203.77987741029585	345.2417614058906	209.0506262395457	351.0595827750236	213.06073103969567	360.15856279380955	234.5822601760413	368.5467735087416	260.60538652954466	378.2159634073993	284.5043036462944	386.2842446697707	304.28067403179773	392.3231744296148	312.8909416793213	405.01651555733525	345.5607409237285	422.56469601183375	380.59339398666754	439.67089185946094	414.82001112953503	449.95138137711484	442.53142167658643	452.2229793642227	447.7156824592259	436.8906424891265	456.7342288345352	422.1735942641004	464.20303903049427	409.6689956274725	470.48884139967424	393.4692144920588	475.99773553611124	393.5880857887823	479.05540148606855	379.265160859866	477.6386843232315	367.12741594559816	473.59961170213313	351.96755592779397	468.3169535937594	339.8420353000367	465.42421725440335	335.5431616046678	468.07634100253847	304.06461908998847	461.7082035633459	269.2391986943102	457.28505477332527	231.29267003755248	452.97106378130974	190.65443862704313	442.8182448698455
167.57829738117744	31.59488460514399	170.83772755754882	34.48891198019868	183.30730409292644	41.6985616821935	192.5307849449768	44.089951300168096	203.7053299158945	49.35206792341665	209.8679024973602	53.912528178345354	210.06229625078208	60.67939793664477	202.89507177880014	87.63504269357439	191.5547905800314	117.92122888992124	182.645347893689	147.86939300824258	172.65002844575721	175.49766571290172	179.90679691853674	183.87616567678455	217.86070567301164	193.0543495697172	262.35501978785214	200.43907021707406	305.9081102523853	207.9283585596652	342.2695857944967	214.57463972667784	350.9454372596786	222.0908019652583	360.78764532653275	240.74645055786186	369.5521119698028	265.706434970391	377.74443723013695	290.5718676358532	383.4847649354081	309.93510314236	390.00586918674	320.583975054559	403.30870638601976	351.19724533212116	418.28560709605324	384.83810576867995	433.77459700439016	421.04710468825374	445.98633084965877	447.8812505291143	446.77817382169826	452.8838827592165	436.83969510881633	461.2110502292846	420.36226901034104	470.52361946755826	403.88828898377255	477.56939010102604	389.834014598149	481.1295359855006	390.3927924314897	481.98576469887007	377.3401403131907	481.11900215812227	364.553517971783	478.1490242659464	350.96662417626226	473.14328354533154	337.3297809185763	470.40846815844907	335.34951787619013	472.100439517162	301.7435552300865	465.61086419385646	264.1261826882334	460.92281365281355	228.01761497627365	457.58219871393214	187.41154472615455	447.9915019233431
171.15443234011826	26.578973600855488	175.2378599441538	28.711573749601712	184.40138494846448	35.90018354625278	197.15099143124638	39.74842467530774	207.24976479321955	45.376793393358206	214.00251921113542	48.964426196498266	217.64349789144757	55.372272392056765	205.73674052882686	84.42741988790141	194.90992725798054	113.0296733291661	188.5807713757015	144.80158385003034	176.2418023786794	170.68618799542838	181.32366704344068	178.0568332609804	222.4156509898316	185.21774781517695	265.89867875710274	193.17827028458953	306.77569796373905	202.13877001801683	345.1290573219561	209.0060748388579	352.1043451016993	213.99632823391482	363.3396195819285	237.80581588019035	371.4189862086703	260.15759312184184	380.1480409410083	286.46816444611454	386.77338120594845	305.0285473041546	392.6605841041312	315.2684217309058	407.8804997701984	345.4232326909417	423.2943464053568	378.5837225046607	439.3260584013341	413.05477232434237	450.1729227116283	442.58293115781703	452.7088766079519	448.7995437079569	439.42347020066006	456.691477209564	422.1930022969379	464.9346071576648	410.1814467324073	470.78187562518315	393.33092038997324	475.8544218995726	390.57612489635744	476.9927614255753	381.3544315342651	477.50290965522413	367.6173205986923	475.37954759240074	356.46902092393054	472.7215359330562	341.0557329689985	466.0704180318213	337.6978863584251	467.77366235574283	302.7665632630973	463.5292193468759	268.9323452372434	456.3252667054667	231.15783956290232	452.52194942375326	190.98767968509537	442.9755909190546
171.260099001187	28.04236236436052	173.51784872429474	29.266916125456195	185.79338809443584	35.28161596127086	197.7147397860205	40.022821343637816	208.5045870895853	46.76765439022562	214.09416704509334	50.43092209695047	216.70327341012577	56.59884914504225	207.59920749406925	83.83854754855984	196.93771175606403	114.79341158961404	186.4280034534365	146.1442372312788	176.20831452280197	172.1520537184558	182.88958584330143	179.98450255479992	222.4529702476974	189.51727086951755	266.4386787979829	197.99897700900584	306.98799812727634	206.512340688378	345.55245692238753	211.26343259181587	354.4594923404249	218.55751225858648	364.4356655445841	240.67456392840697	373.70775914417413	264.6455847929829	379.37806083005574	285.7222000454928	386.3515225368345	305.92272059874546	389.88958314801016	314.96349490146116	405.27364223127034	343.9082352841137	422.832530959104	378.72958105050145	438.9640360361608	414.47338217536833	450.03325296131055	443.9374347833565	451.3477795691184	449.5376817304914	438.0689017350449	459.1965103847559	424.5569024522276	467.1573872016161	409.0244276164093	472.9339831523546	393.326275277531	477.92272637037576	391.5363379129143	481.93912821832805	382.31995249854043	477.38641623807297	366.0833449235307	473.1138701713306	354.6898374129049	472.57106773619046	341.0361087426267	467.4174888427122	338.94224904487146	469.52260838321087	305.6324725603468	463.92704095779857	267.0532850447962	459.33834531698415	229.13741173080047	451.7110400115036	191.0933463461641	444.4389796825596
479.4615958213061	84.69700235914931	477.06663206547597	90.55969488522749	447.99041822920503	120.21318724337141	416.05306879304555	149.7979801822224	384.4938998011614	182.9133624771668	352.39719946402954	208.3819011921201	351.10596441399434	218.01468470797195	361.5652563952146	237.27184863674867	368.5213087029556	261.8718049656109	377.1158984437794	286.90077222594084	384.49189444523864	305.9485974159885	390.87835744180234	314.75270337910376	403.00874992323713	345.4906964446711	419.01706258699176	381.7549723148879	436.7039660040932	415.25973354676466	447.463783116718	444.181902484882	447.4202934245981	451.4929987576536	435.1644673964096	457.187289110674	422.7834757006211	464.54468055234446	405.75665711510163	473.15195587721865	390.99682629135555	477.6713260402045	390.21094737506115	480.60308655078734	376.50613365705703	477.62933143474356	363.83966749138904	476.7553015743541	352.0238464345268	473.6171780537381	338.3058364234266	467.0367137960127	334.2935950456783	467.05819371082214	300.9597462307977	463.2240994130338	266.77165424783595	456.9206627475437	226.52809039848268	451.1787539576304	188.69128986284252	444.2637486666143
477.63082681682147	87.03782516123741	475.88871311058676	95.47157892549954	449.52910910499287	121.78110501590574	416.24194690026906	152.43158089077454	381.58407364367184	184.97431223504339	350.36943435638364	210.46298804390736	348.93074312301786	219.06278442113404	357.6325018076562	241.57624794913534	367.0851481835528	264.6756635895094	377.9341360588836	286.4209372751305	382.80662254345293	307.76538497235293	387.715737924513	316.1633250806866	403.4986905020369	346.8680636964654	418.35064066658094	384.6917310893188	432.0569150634723	416.14511863121515	445.6780327693558	446.1100950585217	449.12116178163524	452.48852188684396	435.8998911571204	459.8734048262416	418.81564124514716	469.18225592607905	406.4210082218523	476.6228242121101	389.7205532272877	480.26678986213454	389.7010760214668	483.89935753131476	376.65606458248664	480.48917395500547	364.3839688998151	478.6064216213793	349.0119676740931	475.9758727305517	336.0654515072147	469.37608920942955	330.8977112450607	469.1478865760351	297.8686410840437	464.00981499715067	263.08152140266674	459.3209633944	226.1148916745057	455.47718647046617	186.86052085835792	446.6045714687024
476.3911885941013	83.92821265511348	474.41414171055305	88.26496109547132	447.8153504991784	116.48816229390164	414.53345047143125	148.4513858919756	382.725384422206	178.70037542498173	349.41323303563314	206.9787552959134	347.2928347411524	216.35109296531903	356.77076797428384	237.76667997943943	365.33011031710197	261.11081065550064	374.9845600376109	284.8539751304381	381.4050028330116	304.8008364366582	387.0227670863993	312.5280264436887	402.6496848807266	344.1426720193577	418.44525816075776	381.7142961643884	432.9996941392691	416.2512431052014	444.61931961439404	443.2362859962298	447.2024344757506	447.8886833568705	435.64986832563994	457.0723351199886	418.21844032790483	462.9512796891147	402.01685549384484	473.34284730691854	387.65235411776933	477.06031107158526	386.0771194302607	479.91802133420356	376.95098981705115	476.94965114994955	360.63321597425283	473.296046125002	350.01224682678946	472.5272267196722	335.56412235622867	466.27987157009255	332.41528919239096	466.55027439342456	297.7451026115133	463.8888681304565	262.00282873970986	457.08846181299765	223.27856234741506	452.2466160430027	185.62088263563777	443.49495896257844
476.7636806380053	85.82356288379098	477.8691818861495	94.26138376799514	447.69601493752526	121.72622985019262	413.3514313287166	153.1611656015752	382.7333288769362	184.75908890517323	349.94549052843075	209.45573823019686	343.9933708128371	215.4282365749033	301.6174368010047	206.13076840296108	258.1946406058158	195.9050572801806	216.3802436874899	186.2233770720417	175.18644552375727	177.63771277280026	174.24276816243938	177.19720319374866	181.2083061708306	147.7121229933626	193.21139279038223	117.17542835930945	201.6918510207218	87.23536240834896	208.67779584841816	55.697984121436924	211.06293788237525	51.94669573639677	201.43498620262918	46.273285767039894	190.62393502522008	41.42096078537591	180.83868931751135	36.67384932545717	166.16012733456466	28.99369187305687
480.88149417206085	87.56501632717469	480.7293590451511	96.10022744672234	452.76838189316453	123.79287534881274	418.36775580786133	155.4881515131148	383.0017721426188	186.67841280840176	353.176516639245	211.01554631242593	346.2502025931035	215.56202864935452	309.8364185975606	205.97962660021852	265.3216167860268	199.0506405315456	222.1928619110003	187.89321973638215	179.29881280807803	179.1717136866499	176.8257123125983	177.69931931115443	184.48890189772823	149.1651826488562	196.47598557841303	118.35273798398586	205.4006341943144	86.20021153743232	212.82833314364245	56.99992214767936	215.70294829147042	53.48750402081189	205.28782741961328	49.810750775183465	194.82642592825925	46.559643968488054	182.7553021104058	38.43115755309836	170.2779408686202	30.73514531644058
481.2361253243544	85.2190170178015	482.39978773530083	94.05961138601087	452.5875948699612	121.68172483190301	418.71756774684735	151.57516341326914	387.3558845169086	182.16579832456137	354.3130757932972	208.0531813682266	347.73962386158803	211.1131097598904	306.92150929173056	205.5190422850959	264.8217329881114	195.7236879529716	219.58787109065932	188.65864918214933	179.20262462626462	177.1113707089136	177.2763180259393	173.89206410892146	187.97528750308845	144.69017917368203	195.48017157678757	115.63416274967103	204.36345706866973	86.49210669790374	212.61548869963656	55.39667969765226	213.49143414869997	53.74047953451433	207.3001436705053	47.63282244115372	193.9879745258567	40.349418086352244	184.39338715303055	35.29961630546639	170.63257202091373	28.389146007067392
