30	5	3
121.42963342538093	126.3309171152508	134.43829146711875	136.77648507895364	132.0400407128235	125.35351727634917	136.90350155971598	93.49889584222007	125.54178901767526	77.42319852872477	144.6192269074224	92.38508188368493	170.46256669159365	97.51496844550097	187.66313021091224	97.4927492236763	204.395385641528	105.52323221931518	231.11086224512485	121.12524517908163	249.90798639166655	104.35912881585294	284.29398378229905	86.2149342787646	297.57698617721405	61.23501434381309	314.42557356311875	64.49278294874534	339.9659979476189	61.32482481450018	351.028133187627	55.48028580007974	339.7015477453156	33.412781574144105
297.7516396520979	370.778309974267	315.548901193319	394.04950896948986	337.3102407842161	413.0485400377915	356.91351096014574	417.84505909704603	378.3952680576088	432.6028809904366	392.58239447291874	448.6401613867024	396.41203473643384	430.8419769873429	393.744626725511	398.8319225312845	375.11339222035207	372.4803535237985	373.21545907926924	365.98457549564785	337.5552249423197	332.8859920546702	282.585509964601	278.9571908712633	240.9830877830913	237.79632878191333	236.12895782322138	230.2922157491757	188.3953771141808	201.49363479647354	126.35768617104507	165.48580440118812	69.47153327022994	110.08495909194644
479.4731884990891	22.664097372245728	491.0671596852142	35.99609608213514	493.2715907173461	76.65344065750801	489.8839130520298	112.66111722932594	480.57416885305275	134.26701205536608	476.15625977796964	156.79322706823456	454.7157393882412	209.05968876861292	405.94743239490805	252.04845453873816	363.7915123857769	270.58419146708525	357.55796171112286	283.25980677341175	355.25064520465753	285.99043337459176	346.6311853653129	270.9532333658209	335.94265697454875	259.69124373916577	346.2184900964502	272.1639750460883	325.8842438613931	271.65184537245494	298.2463373811468	252.24154269948528	259.84357858956713	230.75199981814882
278.3096384566377	329.27052733714356	275.5936248431585	344.13186828482134	234.01944693375813	311.34500161282295	190.8427581459087	273.200323947765	146.20187501786452	234.48539373447818	133.57157149999122	224.4757217416051	105.49877554866478	215.5013291035384	80.37938108687806	208.66822814383195	52.194257224833976	184.96218522434754	66.68532372507778	185.6421399156779	80.07463371958237	183.1830875992476	103.498319578994	160.11689191580825	123.74229948798859	125.43938917994379	144.646619682725	126.78622994919428	192.64313002541874	147.5934191198151	237.1458173509493	154.1243905808984	267.3780252882504	137.02700329168192
270.15081252549936	239.49564428319226	281.4945738868249	250.9494991498602	278.84294837214907	294.03745731304855	252.65555423626947	348.8079150126743	221.4205017906849	386.7973831246976	219.71144393280457	403.85116885074126	214.7972999870007	419.7724173247868	210.30680986924293	425.50299832570215	202.95483781585375	424.7655405569807	214.35218560661525	441.4630163498953	227.79021864807441	445.5439541236578	227.87446417858158	436.65767376033943	218.7004520537195	438.6238209628243	232.120462300414	452.8296832312675	234.92460279575414	459.9047500374681	223.174112647399	459.21725806164886	216.45760064995144	447.3958897158918
493.4512996335695	368.55040362706217	509.54862420394903	397.31546072561827	503.13567960675897	421.3226785155448	491.9408986067033	464.0168116521272	472.3472309262986	497.8428397857692	466.58611942207546	524.75281032477	416.73111169728634	523.1908547206414	343.2374764330673	500.26244070621954	288.06402710571706	492.00715341470243	285.20443260218536	498.6446791937578	272.13301083705164	497.7384085927662	271.80913910750365	504.91632921176534	258.57451185405614	498.9965710129626	270.29329897793787	509.37482021186224	314.9481052275829	489.2242735593525	351.7629156569441	453.7686546571031	382.7825359604608	423.4289087894837
457.5391948852267	490.4672291911564	476.31399687847636	499.4590485804986	454.3680533837301	454.71235840947975	440.9541727480627	395.7511082363429	410.0057085592517	347.0938007170489	393.7562530268865	349.4323601850908	349.5531261778359	344.60520682106005	292.21953605384016	347.2426223970688	242.26332262888118	328.3102589140186	248.59910901597746	319.6915245636919	270.8235738175604	285.8912113216316	294.2077954223469	240.070241133295	303.4423605792274	187.78116889890055	323.6003688456125	195.83433302105686	364.01932635746715	235.90102838521838	388.427956667238	294.42857910001385	423.9687842124184	322.5803268275656
35.82778953193089	476.5131030741037	54.109029561298385	484.28006283647557	49.27704411176632	487.96217751348524	43.53147459845008	473.87829618737015	19.963347575477098	448.6116305254405	31.3049746957068	445.4407360983653	60.50253199237409	447.42826356556066	89.66325083989477	460.886404398725	116.59250246441172	446.44483128515634	139.46120405734368	447.1345114598766	146.40394171067678	431.44135568609505	140.95463746336105	412.9530731093772	130.1469104809978	395.0657355969738	145.50535566488935	407.53766035136607	148.1499703920129	404.2075554801108	143.3369519784937	398.0941339204959	127.18958750614156	375.69285519179
236.02341769305596	56.308996710079995	256.98478078562096	66.52169458359548	251.94228582347	62.28196783169133	259.6154146064216	63.51488941915392	246.73847064198563	57.22798270641858	249.43563950941592	60.097076326264464	225.70615957690825	71.1173542347257	183.38811499186164	72.61250302857786	136.6497500018431	72.04445827789591	136.9994428284058	87.75059663593161	131.73180818780645	128.0550749659447	142.69216500263315	186.3249748205362	136.61615939314007	220.6540226261686	153.53669016467757	240.86771351947644	154.33036102855624	242.35477205858595	139.9028813751283	225.92717497774123	130.6356020761397	219.7587170869606
282.9329502732134	61.93276782091189	282.10244439162176	91.7859714707229	277.66419189367554	151.03646781597482	277.54277341435636	196.99177309791034	264.4650880776805	236.15062355532027	269.71577229580885	253.60146805752888	277.61387752490117	228.50295252313217	292.2265665990817	181.70795718374848	304.622985807897	141.32848453573706	308.34936547564314	136.23946790068157	311.41885803229724	109.72217670906936	318.7140274684711	95.91882616912916	318.01691836646063	59.085514629500445	337.6404133052401	55.44175892308052	382.93995328791465	58.347935671220085	442.87890667960033	69.93131576918478	488.6986485477047	51.465163185416586
314.8565928097458	220.8321199413229	336.5657747279361	236.76123834490903	336.6969542497145	207.61101128582396	319.0423126180552	170.63663501847702	305.617869432522	128.03587512654764	317.2463884271255	134.98007586879484	340.9072956741406	152.25710790453016	375.60630589246415	191.64960312725597	397.75367386054984	208.4766130416934	415.1371917267656	224.21071972186328	429.743279988981	235.2817910597132	445.67508727042696	228.6387166808335	449.3048307198277	214.590702371973	455.6841275217181	217.5007037328605	467.3239286442275	204.17124726389463	472.92401763978927	191.02128660559612	464.1223039506578	174.74477865113604
319.0408262441724	434.960299217566	335.20590235347873	442.60958648341796	321.1334457119991	440.9962462769018	304.4768378762909	444.1430865427181	276.42404348936185	427.7648767623193	268.31987998328555	432.94114575027777	238.2755642740398	418.1774113220631	210.61053289910316	414.36224921083885	182.33191101467102	395.9800233437644	182.26375108999264	404.32995173484335	188.45567875861582	413.0070417642357	191.2492358710149	411.33990528443184	180.1155412941825	393.7346873695109	192.46403092198173	401.12244289730825	214.05921817080298	416.03301129101794	247.5717607614396	443.22241639833925	275.9955009938534	445.67039309224407
24.16547116370826	118.86626778856562	37.91540400858084	125.22651248534305	47.46543297376381	133.6108348407667	38.237864229825156	154.20536859076677	25.39647547447164	151.09435750678037	38.03491953371659	167.69247643210159	70.51616658159331	178.88008516617163	96.27261657422218	205.6463369805091	103.47156080874467	217.9849108211187	118.97213151435002	225.2852819000673	103.70344574145129	232.9136745988557	74.59549930341699	221.2898262620823	47.763072914361786	199.7979338922294	46.31339353507302	198.8563276457358	57.60679846929929	199.0901091489422	44.14662656726366	193.26960071753882	18.274540262561256	171.37940464494636
260.8039158530863	239.86300288556484	272.2306975893784	248.1393983523668	228.95276335123407	267.1037302409574	185.9249825677836	274.2915104950117	154.41076355682353	273.83878419048017	153.38511597809642	291.14958682524457	157.5057467310147	292.2554159050718	145.83664538389493	273.38595361289134	121.15922409157966	266.03718240152693	124.25385798267322	276.14727628557046	113.92957804033128	287.39171571999	110.11141516051498	280.9262802365488	109.40519996879729	265.44628472717153	120.03934407303792	265.9490439361751	143.8702345026079	270.45991135093396	148.79651335996994	258.5157012967136	128.95727583975636	248.195984721833
174.63384271331378	28.905721630912375	206.34780019923505	33.47704908189429	248.98786357285053	48.69736665540878	302.48959000559927	66.08821402826592	332.2196844170981	62.36647514130438	346.6762895836638	71.94809369791305	374.3964777221025	52.5500425776241	407.4938060065939	25.838252536252444	412.1478338870503	7.07774145345301	418.6279590258259	10.702251515023889	432.7035489638039	40.98149548133961	426.8739576520262	57.99659869757584	413.3255104253206	50.55974976618003	416.7459395577795	50.99210104893226	438.6057680229781	59.89277823725116	432.3455643227746	74.67720652749814	432.45485714405766	65.33085349681971
64.6097563904956	100.02725389128675	76.09702500569361	108.88506983534477	59.768640166889696	123.39651139885868	42.103882809127406	120.5695952817147	30.82302268008458	107.25066446117887	32.15804170449345	121.60460714970687	29.768691364265703	122.7028198776963	36.581068133660196	110.61436422040842	31.095762743117916	96.1277150866409	43.68947301266166	101.4264567938072	37.035519044279624	89.01996521006018	41.80695979668717	84.37179134176922	37.70387503292315	71.89056516658566	44.801779593030425	77.45236568640864	63.0227041243212	73.92054817855212	57.05447992489292	79.51695995609586	48.80041712323238	71.43057932002246
263.9133240929499	31.020023827388776	280.1980314718457	37.548491916106734	245.91055657460075	43.22125545148126	201.50676926448457	34.794633966227494	154.32125215795864	13.613833699634988	153.28572891152595	29.36390022874108	159.04177473096183	73.36760087629156	170.24475194175247	120.93721740419787	174.8802690835564	150.5821370570327	184.1347596065916	169.33317362034813	197.39030262176968	175.75951297283765	197.92038042374605	169.82080529101694	180.5751149845946	155.94680616411443	183.26074256397786	158.01621644875354	164.55477953291933	157.15618314315168	131.11930083257357	134.00031363740737	100.81327340333321	87.8118880968702
213.4110199194964	158.9763693256464	226.0691609712049	176.91113423939237	206.00501417046607	157.36083910193256	160.54248702234327	137.5602947574479	131.5584734511482	122.81184288795386	133.54147079939497	132.21280498391485	124.82084348799606	148.5321306251816	97.30985878253924	142.5543798069978	74.21839432231808	148.82224532704822	76.21864064114287	169.6584590652297	81.27516213359416	173.32208607964395	94.8434347464836	154.64882136582807	87.17035946290308	154.7848915156232	103.29988839517813	166.5257270439264	146.31734872989347	137.97858670263057	182.09478168804972	99.79517080958442	197.9552231920485	42.4312842155841
251.3218506240617	421.1255928429456	247.50716757407258	429.48266879180744	224.44229883932488	431.6121159327124	178.54727796100934	420.42384844584	148.01024984916495	404.23216789769305	161.46452427824434	398.3590803022884	207.50634370914938	374.5022627615726	256.7270495403384	353.9784276583424	293.24085788534836	324.9965025477929	323.02949481100455	325.32589193852	347.1259475861236	324.75457600260006	391.658131392221	298.9126484050667	420.1187567940054	283.99718064815767	434.7961643721523	276.4531231728525	462.31430554247925	229.26166849306188	470.728858606559	172.0447215786049	452.2642888729199	113.07340178477398
305.82934308059845	223.84139826281586	312.1390326369335	228.18448026495574	293.6452399685344	235.62428105098294	277.8201091081319	227.96656058007895	248.57220459824705	210.4393823370306	240.26913838739344	214.822499667582	231.78877951746622	212.59167911977383	205.37108290900133	209.55609447354442	180.63461651775054	209.44120867831992	175.00618739230347	223.68541376871767	157.41183662548332	257.34332744559754	116.9510020368195	280.8337621853741	72.22835270874423	291.0772066926122	72.78533809542073	313.8002056046305	94.25474507422136	363.29225401790785	107.5847598624917	407.7478878282527	123.5249566448486	432.2927867310624
381.4080109232369	334.67911919387126	408.36216246745823	347.02164117991845	439.90501115817807	333.6772139932805	464.91272377818217	323.71878909187717	485.8238238924961	294.45077835688784	490.8759057198711	299.16700399327294	485.339075273472	335.2598269536776	478.60506530238985	351.21170777173495	457.55808008447684	368.5122804854886	470.2871243409015	383.37199359658973	469.145155744457	390.72400136700264	459.134365941923	395.0265051013346	450.59061540853264	392.58654932964646	458.952433780901	395.33083076147807	452.59480599752726	402.847953160277	451.620409701601	411.24039327996724	442.1162494724174	394.7091125401575
168.346133194144	478.00133206754157	173.03358304449222	497.1939860526756	183.29579633628626	501.90864138550427	181.35885528391066	494.1993564385267	177.4916830223511	487.28559864097286	190.78771232993176	500.1879903094788	180.80806969627503	490.68196141845556	176.96639911565242	490.74586339144787	181.3634885260022	487.11619719118465	192.63745385361668	497.28684901994984	178.35912373358963	506.4153843641708	169.39165886223466	494.21211363397344	156.6705246143157	490.39388675425744	155.0320169250269	495.58278654270595	144.3355209427694	500.1544322760768	126.67151998390496	493.23789396232604	89.28901694371663	468.85954018676864
378.81177885463705	132.88050058192198	390.98901188575195	142.8348092957711	405.95519254112037	150.94108740358234	399.6786415737098	165.64665844461211	392.24595161143725	160.84954110928632	400.39209255019676	161.30738909141883	409.62629383305085	169.36712530329896	413.27131136245896	168.43301032131092	403.31979591537754	147.22995255650355	406.5924558070553	149.18741335845155	364.1683593401806	132.75787231623755	329.05244136141397	120.1781695283935	301.1116859205912	92.3090588292692	313.4397950802482	90.93358289946147	312.1747309566642	97.04559976933449	312.52431208717394	88.86140002975937	308.6292880280886	55.999161331281016
198.6537879628405	470.0217316301049	208.4649042766646	489.9540899309322	188.03632839237025	469.84182234038605	161.77189155191812	435.11727233743085	138.7373437439843	394.1942091608917	149.86677192207887	389.8479860031116	147.1975257645357	370.5942825170081	145.07221424049686	347.1733437406774	148.73563002113022	320.06878123878016	160.8174938749891	331.6753828661925	144.777619879971	330.4663569863478	124.40718512614502	315.49550795831794	94.4727746206428	293.1989137566378	97.28888426253887	293.1036009021786	87.91311070565584	296.660253005532	72.04046344932168	293.2548618048738	61.78221717938236	266.1566102218659
54.551727934970984	333.65237547523617	69.5390697743029	339.2177421602169	60.11416921736006	353.78352247930167	64.3180440642105	348.28699174460286	48.31563825789071	346.4169925523426	62.34048460896144	358.0602960726541	76.21436908967165	380.60029004257814	106.13776589508555	407.8706696619371	131.76426441761757	423.47515910082336	152.98144338453557	441.6640084492682	197.02649871347256	464.47969040357424	246.16253891623734	471.6462791328537	270.0978683832265	482.45867445717096	288.40170005457304	489.6106612481755	273.509898412803	470.44190836108436	263.6614941470441	421.55281784665743	235.86155729042892	375.946723559353
181.2379225855854	90.33733785098008	192.02315585732183	91.09928706246382	195.0381726638212	87.61786685075606	175.08956206055686	83.05131358392258	166.7520223801868	57.61657283867997	182.84721412711824	61.282639448706114	201.48263532636602	54.72646605658415	211.75223107350627	40.3768048786652	211.96861691507618	19.596454764254766	234.96506778036684	35.02266374737029	268.51214904634355	70.08290695027813	309.6862070728417	111.16377480888069	327.15918125192127	129.7175098310664	341.98708967234813	143.61501398125336	318.0563533488073	143.11100132368668	287.44985318168307	145.47080866234555	242.67441876629908	124.82815003121372
139.54808139316606	148.59188414062868	147.79521776487476	149.3215191836177	170.45077311786866	117.27348916850272	173.38105406380168	83.99359331792971	175.70893900217854	53.59604412792874	208.5551147280535	51.50614659592654	264.93259404488504	40.42578063264881	319.9688143557431	29.261741219681912	359.63335408219206	23.650151490021322	384.5509399801319	28.591926018289605	388.3679157613189	39.55158657999939	383.5118568902719	43.25448726476124	372.17923562922147	30.61643609625173	377.11612522028855	38.7567117359828	399.2799044856921	49.36947733897041	417.49644994196535	55.01090915612944	435.08037208344024	51.485935236349725
216.0255948474243	189.68457464100857	233.8242215339627	211.49627913642877	251.99946779916945	241.98511308824334	278.57431626187076	267.6695293809503	287.31742779737823	281.63330049843694	299.9060539076939	290.07065720741497	307.2473350918501	286.7298171979434	324.82562290219846	267.14223794625684	333.7566002662643	245.62898772808134	341.97488426232985	251.29321725558947	352.9510562972742	248.5177512228682	344.88133683385615	235.30103806854768	342.23945632705215	216.9555283259562	358.46752408072797	229.63741869092829	356.4220932414736	219.33271362796927	349.0738346797065	199.53546585602572	330.838011483768	183.97510754538848
244.79670312451506	410.82797146212147	247.9798737097183	416.5795015369596	239.00885437031965	415.4976500930142	203.69009704663128	410.11926107136634	182.96469577075922	399.0632447397515	194.15022787087983	406.78002216823313	177.33159474904738	432.30191103273387	142.44569150387542	443.23727734271597	122.23899680835206	439.02884183472423	128.75939075050627	443.07826189338016	121.11347062386493	446.67458990288816	113.58833376222746	442.97868945255715	99.39361764591776	434.2841825497225	107.56836939956717	446.35400393219277	107.20531529791447	440.91480560257895	87.75705519066484	430.57631940168733	58.25896081164463	396.69036704563314
238.29051749262604	441.83216764925453	246.1046136616848	454.5389715648955	248.61028899016307	461.52337337660265	249.5654865364225	462.45156512276344	257.5217003188518	470.91255267647244	277.26637378564743	490.43024839050435	273.9002368734762	486.9012495312451	268.1436760482188	481.82614367259833	255.16281643041697	465.7740498366122	255.28413157443362	469.0722360351078	262.82912221440927	465.71155378347584	246.64582606581126	474.1529856889007	228.31004151601223	467.66535290375185	242.06530687405643	482.3209214640076	246.93894949026904	477.5941133883839	232.3709869474769	488.9492290998354	230.93139458552383	475.8151172154924
