30	5	3
0.0	0.0	25.0	20.651966913762116	50.0	143.72633103407298	75.0	135.9638655151561	100.0	144.12953776373482	125.0	140.668808321331	150.0	117.85218984988197	175.0	118.91759266056856	200.0	121.23287902985403	225.0	124.68978305301229	250.0	168.44864265696543	275.0	153.9542913251551	300.0	95.29951402754487	325.0	102.08576305619106	350.0	89.78908977567173	375.0	63.95501249105947	400.0	53.80213192711136	425.0	51.8001898642853	450.0	222.2963832778968	475.0	241.6696830799554
0.0	0.0	25.0	4.8431165114190975	50.0	11.121034677952537	75.0	11.908532205967473	100.0	48.53855428757944	125.0	43.8816138765291	150.0	31.452489351367728	175.0	55.25055374066716	200.0	67.39307745774808	225.0	71.70781585436366	250.0	115.05362859084649	275.0	106.81894876746819	300.0	100.67852468429987	325.0	94.20886108370739	350.0	198.2221833385581	375.0	179.80839477794066	400.0	223.6809085944954	425.0	213.50468611937572	450.0	203.49081349160323	475.0	238.43410004930993
0.0	0.0	25.0	14.850917711894784	50.0	35.59732299828152	75.0	45.864522079997805	100.0	46.00232056565044	125.0	69.21607515135702	150.0	74.46418622411765	175.0	90.19492996216887	200.0	67.21830146277958	225.0	105.10031701528001	250.0	123.79310643677165	275.0	115.10555084601461	300.0	78.56372354098536	325.0	147.37973887954183	350.0	141.10253117938294	375.0	145.9790459873	400.0	156.6241758865544	425.0	178.01470115039868	450.0	218.49203076539348	475.0	241.57341240495825
0.0	0.0	25.0	13.686377774491863	50.0	94.6992972669569	75.0	105.2406238255946	100.0	97.19951819974087	125.0	33.04988049904218	150.0	25.214886778334765	175.0	10.711806531933691	200.0	107.4922577915523	225.0	117.30311024990627	250.0	109.25007665978812	275.0	109.41932087555725	300.0	81.400278338505	325.0	180.1151419641949	350.0	200.65397768505446	375.0	227.5819718988721	400.0	238.704680145929	425.0	245.2686451147726	450.0	244.35764754479965	475.0	249.3841111537485
0.0	0.0	25.0	18.377708491885294	50.0	42.83143742955136	75.0	199.74107450752425	100.0	199.30340365469021	125.0	191.64336821216068	150.0	162.92554660086208	175.0	156.15661575426327	200.0	131.57063075386299	225.0	122.5245777963025	250.0	127.52416046148021	275.0	63.897236886501574	300.0	81.9057749624192	325.0	81.31338821724772	350.0	98.53844602466947	375.0	84.02358745420223	400.0	198.4819386295437	425.0	221.94108930143653	450.0	218.70403714638329	475.0	241.04476898567214
0.0	0.0	25.0	19.66244399055659	50.0	133.59888939200493	75.0	133.3741661892288	100.0	187.133826011233	125.0	162.67325131371928	150.0	140.67502653107144	175.0	147.47812806330984	200.0	142.93879557736426	225.0	119.48021342013458	250.0	115.21737357741912	275.0	190.58276485802688	300.0	174.1308668991571	325.0	164.9319840193301	350.0	213.96215813880303	375.0	214.2561982729204	400.0	210.57543410857315	425.0	201.25180426573746	450.0	223.5336521843604	475.0	248.15394371602125
0.0	0.0	25.0	4.713443294555811	50.0	25.134612188639654	75.0	30.0112782404536	100.0	58.26943437016321	125.0	50.89066383828357	150.0	71.29426285024006	175.0	66.56938017318105	200.0	81.7308214465635	225.0	164.51628474363588	250.0	180.01529531689985	275.0	165.3961224737962	300.0	174.49305641754168	325.0	210.92329989381582	350.0	204.9987954410714	375.0	182.6340526998452	400.0	196.57747236372802	425.0	232.390685414478	450.0	227.2637219076299	475.0	249.43969576932676
0.0	0.0	25.0	21.604581341137564	50.0	5.741328334823857	75.0	8.989184517978433	100.0	24.990891733935992	125.0	50.463137594210096	150.0	63.648669926187004	175.0	102.9066672219157	200.0	91.80731739538659	225.0	107.08237849344059	250.0	117.35115993195419	275.0	128.49909409260118	300.0	29.346483347738882	325.0	40.535276932003846	350.0	56.67978991733596	375.0	44.47681135374706	400.0	51.51521729836052	425.0	50.159772950607206	450.0	211.95584433801952	475.0	238.32772879649852
0.0	0.0	25.0	23.376192106736596	50.0	47.29963511252843	75.0	55.94750190505755	100.0	84.38873966222623	125.0	82.66439998265443	150.0	83.44776738964588	175.0	116.67312416941311	200.0	193.94718887175793	225.0	182.7817939877513	250.0	187.4247503534588	275.0	192.20326220678209	300.0	203.775901359095	325.0	196.46902365085265	350.0	183.8409151545229	375.0	192.4938484874886	400.0	213.66509422672098	425.0	237.11313181447605	450.0	217.39349499013514	475.0	247.69036529268107
0.0	0.0	25.0	18.435078566371935	50.0	36.484649220154985	75.0	56.10559149434499	100.0	44.35308069334419	125.0	32.4279793805439	150.0	26.719360379891896	175.0	38.9308704047914	200.0	31.261815322485507	225.0	52.785685973645556	250.0	35.9648935598179	275.0	37.02820038624095	300.0	14.844029472157743	325.0	27.457454273481726	350.0	19.011200284768698	375.0	12.954203151051468	400.0	125.3358783093812	425.0	149.43367577696034	450.0	161.75233207655566	475.0	240.28907089944704
0.0	0.0	25.0	120.2085331890199	50.0	135.56246903542316	75.0	119.13051489289765	100.0	121.04418530934763	125.0	27.32024714760619	150.0	43.12367478476368	175.0	53.608356405119935	200.0	100.69951750990411	225.0	117.53169311639995	250.0	136.9501077352383	275.0	137.59781431748027	300.0	155.95461674150334	325.0	171.9163291267136	350.0	215.18136883719444	375.0	234.7477483842427	400.0	233.63589686627338	425.0	233.65028564193258	450.0	235.44180249098832	475.0	249.3934171095522
0.0	0.0	25.0	17.085758700124934	50.0	34.65481314840069	75.0	61.98934482875046	100.0	60.20919906244226	125.0	42.86707029300844	150.0	152.61626443586573	175.0	147.25366018785022	200.0	89.77596910452182	225.0	65.88750875658164	250.0	61.275437125293195	275.0	47.13098790153635	300.0	49.224607689882085	325.0	165.02267136234076	350.0	181.55114762694126	375.0	192.92850114062196	400.0	195.1643562572803	425.0	220.61320746320675	450.0	222.2652078768705	475.0	239.53357301745774
0.0	0.0	25.0	88.98596208925399	50.0	118.57461773001555	75.0	113.64349356370556	100.0	119.19600639540394	125.0	136.1043050115188	150.0	124.57025702171882	175.0	126.35364113203264	200.0	131.83466465451244	225.0	78.83992254331241	250.0	96.50080167234536	275.0	104.45158648125536	300.0	130.25588114978294	325.0	148.58877282366913	350.0	65.89487328214474	375.0	75.01958376556374	400.0	95.50536356531826	425.0	86.54394180890237	450.0	237.2109551471035	475.0	248.29613242699764
0.0	0.0	25.0	18.914529508684566	50.0	222.99196598341672	75.0	131.72633737480913	100.0	132.34419358175435	125.0	116.37476902339236	150.0	109.96554493277567	175.0	98.98193125831885	200.0	148.40470002126187	225.0	86.19750576106617	250.0	99.17161369244779	275.0	112.69019451167014	300.0	120.22403894853899	325.0	176.34357169173674	350.0	182.49448568621312	375.0	183.9806373445704	400.0	223.18521302931157	425.0	214.80513097905668	450.0	218.53215391850344	475.0	246.05023521275908
0.0	0.0	25.0	11.224506782576018	50.0	6.055440956566012	75.0	134.76095459383174	100.0	111.58181296562842	125.0	117.0692728380089	150.0	162.1427757232977	175.0	153.8216430851656	200.0	129.99164060830776	225.0	143.08219732290235	250.0	126.3871237566403	275.0	116.32892095692503	300.0	114.66830626207738	325.0	95.48869409763208	350.0	190.16939209446136	375.0	200.80823394121467	400.0	189.34221556315086	425.0	202.03172570387773	450.0	215.0566456489605	475.0	241.44066964783286
0.0	0.0	25.0	23.551955806114343	50.0	139.8846690352238	75.0	145.9884259504188	100.0	152.8687025823089	125.0	140.7292690498959	150.0	160.9090663993848	175.0	146.63808647975958	200.0	143.08601000439046	225.0	137.2671040174427	250.0	169.7038099933951	275.0	153.46442226907118	300.0	176.20610302028032	325.0	179.01554000450818	350.0	194.89879653954748	375.0	188.20762874429698	400.0	192.7929175439108	425.0	203.07115870231058	450.0	149.29083914420036	475.0	243.98828784136577
0.0	0.0	25.0	155.9624865509465	50.0	141.13226210243164	75.0	137.30545126545823	100.0	134.72815586893853	125.0	151.960999204954	150.0	165.11714081780485	175.0	158.53034503614853	200.0	160.53549042464886	225.0	130.1174026798895	250.0	178.12313991528976	275.0	166.895857418878	300.0	207.39701379432609	325.0	214.3726937419793	350.0	224.94332233971141	375.0	223.90036596244977	400.0	179.58295009317453	425.0	201.1663910320924	450.0	212.65585156851475	475.0	238.27227348040483
0.0	0.0	25.0	20.529818755930997	50.0	60.10467923536883	75.0	44.752307284025804	100.0	44.23225230563256	125.0	92.75210929265165	150.0	103.16208678767559	175.0	87.02022551180951	200.0	88.45101677258891	225.0	71.45426096983009	250.0	94.64746016346173	275.0	77.01565844110317	300.0	81.43903561227275	325.0	73.59047822399984	350.0	56.00161184158917	375.0	65.04659229207728	400.0	81.73884810866618	425.0	212.59491014993782	450.0	210.01348336932193	475.0	249.15323970917862
0.0	0.0	25.0	113.22779415762133	50.0	227.9025319443333	75.0	217.49717458569316	100.0	223.65071337771366	125.0	214.6101663725518	150.0	190.9475625551868	175.0	183.4556237470545	200.0	170.54858141841197	225.0	156.28373967314	250.0	55.89616215576508	275.0	78.30623153382717	300.0	81.8797968663023	325.0	75.82311321484137	350.0	49.58959434359677	375.0	55.15204028493249	400.0	70.49103393660216	425.0	211.9553947717214	450.0	221.74471477891075	475.0	238.57952917251924
0.0	0.0	25.0	22.381802196505294	50.0	193.82067289408548	75.0	188.81844860060278	100.0	197.58510715038494	125.0	176.90685498823814	150.0	173.53266222111225	175.0	167.05735579612937	200.0	82.88791625392366	225.0	80.4629344278038	250.0	141.380665758735	275.0	198.63130529901838	300.0	220.18457280275578	325.0	241.74710152216932	350.0	221.96529198937705	375.0	173.57304617123538	400.0	175.58749257432396	425.0	183.05236482042392	450.0	206.53148010460285	475.0	240.13407488160902
0.0	0.0	25.0	27.135176864083597	50.0	205.74053559435387	75.0	223.3581135473126	100.0	225.8356503430874	125.0	213.4118763124605	150.0	180.88697545464169	175.0	202.0228303703874	200.0	220.22029516156758	225.0	217.54744481464814	250.0	187.11494247356234	275.0	190.47923815983413	300.0	196.2954753790919	325.0	175.924336926246	350.0	180.21841695012182	375.0	196.16734268125566	400.0	186.75039620584474	425.0	176.01997086241965	450.0	216.54941972675425	475.0	243.08738044301572
0.0	0.0	25.0	175.53299069423517	50.0	159.220673914515	75.0	175.89765775955124	100.0	164.71394103327785	125.0	151.65701989903798	150.0	146.47417720008724	175.0	153.67133627247216	200.0	146.51290574000367	225.0	156.28608175196604	250.0	138.74606681042746	275.0	139.58866633158098	300.0	141.90089379001253	325.0	136.63605433063637	350.0	146.70832787033476	375.0	129.74874747644046	400.0	213.69834729217806	425.0	228.16439007157678	450.0	230.33838007623098	475.0	244.89242648256635
0.0	0.0	25.0	3.8677011784636526	50.0	23.320886515306206	75.0	41.711034763792654	100.0	59.79951058441749	125.0	45.15382480398892	150.0	27.02432910031202	175.0	34.53600966922826	200.0	37.08387662529474	225.0	46.961025809646195	250.0	45.2883299512974	275.0	37.10551937525036	300.0	40.26368864097156	325.0	36.06308695002847	350.0	36.43606297120572	375.0	22.982403643623737	400.0	37.87690623318617	425.0	124.52662942743768	450.0	139.059340341304	475.0	237.91348699410906
0.0	0.0	25.0	33.36401697919486	50.0	157.71114435441925	75.0	148.07587603842455	100.0	136.23701406499654	125.0	134.56928044234394	150.0	142.03508615826752	175.0	131.8380133650958	200.0	104.89029372244667	225.0	44.66946335885714	250.0	35.10435224419194	275.0	56.68965963308381	300.0	49.35447228229213	325.0	41.91720224367471	350.0	158.67938866161344	375.0	182.72505105535697	400.0	193.16694798597382	425.0	181.44603167892882	450.0	209.99444353896288	475.0	237.77777649641448
0.0	0.0	25.0	10.089960360572109	50.0	19.221355086906282	75.0	17.483371928101107	100.0	24.710539524474182	125.0	41.32576870130477	150.0	74.5279144173633	175.0	39.0003467867413	200.0	33.53326483933184	225.0	16.799270187294784	250.0	27.763976911594078	275.0	207.03565510092534	300.0	109.9130855871829	325.0	138.39115629975817	350.0	160.24873441209073	375.0	192.3554737433182	400.0	218.22151089691678	425.0	229.23712567070487	450.0	241.89085322690403	475.0	247.50533940781094
0.0	0.0	25.0	18.91535611855381	50.0	32.62728900535006	75.0	235.57492880334925	100.0	223.7152438096638	125.0	104.23735120129236	150.0	96.81867493017175	175.0	84.46823370891494	200.0	59.118446047977784	225.0	77.15320506327495	250.0	68.9389395719724	275.0	67.1455770305604	300.0	51.00912501877763	325.0	62.31260142790079	350.0	47.89157162501924	375.0	68.17262354185864	400.0	60.40901619760639	425.0	62.97247794479637	450.0	235.83631315619408	475.0	243.933650904782
0.0	0.0	25.0	6.466830144105518	50.0	11.28338081267258	75.0	29.231883992247496	100.0	40.39339077423417	125.0	30.86077851831529	150.0	45.02854892283385	175.0	46.356538839065585	200.0	57.598387686051296	225.0	64.12592256693429	250.0	51.40543612338661	275.0	49.25730887880583	300.0	40.634886143593704	325.0	21.31666731474956	350.0	38.159164373510194	375.0	36.710278929362694	400.0	27.78375819778691	425.0	42.59068503219998	450.0	45.83751308592444	475.0	249.88951110004936
0.0	0.0	25.0	21.58876664053317	50.0	103.50170836387959	75.0	105.16277047191925	100.0	85.56266065318476	125.0	55.1046744620646	150.0	26.45891951005053	175.0	127.59606515677667	200.0	129.1001125085106	225.0	164.889348763349	250.0	161.1521504217147	275.0	174.587940547876	300.0	158.08670698615114	325.0	159.2729673317047	350.0	148.77079695303263	375.0	158.7643265946671	400.0	103.08160007458598	425.0	208.26563674651865	450.0	135.65792216469686	475.0	245.0949461846986
0.0	0.0	25.0	27.80276295560343	50.0	26.66111544690545	75.0	7.14390271896809	100.0	71.88862730587466	125.0	118.63401767137832	150.0	139.75910413234712	175.0	150.9656528278554	200.0	126.04355701170581	225.0	140.61640952063752	250.0	154.5976854368542	275.0	90.23730193985679	300.0	145.12803640389706	325.0	153.601539192464	350.0	153.6253176873147	375.0	166.5482777682775	400.0	200.9426910345125	425.0	219.25233238174997	450.0	225.38194251341588	475.0	249.28539558729864
0.0	0.0	25.0	8.846529255699664	50.0	20.18086388666516	75.0	19.814071272043005	100.0	188.05667236602227	125.0	189.0719148686197	150.0	116.64927992563635	175.0	150.97138348480206	200.0	118.51275707825023	225.0	145.78180912952195	250.0	146.07532497663405	275.0	187.37103871351422	300.0	180.49262601797	325.0	188.1427962562027	350.0	176.25563712977453	375.0	189.8422184089464	400.0	204.37996646037283	425.0	210.1497946850307	450.0	232.49418342113069	475.0	243.63166513457924
