30	30	3
398.9411747058583	75.33315908358243	402.32850143918597	98.39361091673102	401.2566709253218	85.67465783579846	393.3568000399669	79.10850031702827	388.82075059184064	97.23072815106377	370.74633792949146	72.94200721860314
398.94839573570744	66.43558205754304	405.7664110060237	75.18771203206147	415.33270712056526	80.51084182230841	405.9707352693188	91.31436175807029	392.3316590531827	90.49470299587401	370.7535589593406	64.04443019256377
400.1921697166626	72.0176202111238	414.37779953828544	78.20490789098541	405.2763306780316	98.85620446692113	400.5181276485584	99.12976332088806	388.12887996254517	85.24546147662815	371.99733294029573	69.62646834614452
410.35698834935204	70.49883747136776	415.55353775749415	72.67028599478657	408.97655065794703	80.93023487193072	400.769862986374	85.22125445807822	398.2470065997067	77.38263813448427	385.15203769097565	70.79715859100749	382.5256924471337	80.08299914006653	309.94809263974935	74.87329340066061	213.4670080473075	67.37620089758353	132.1293124062303	39.19687341924529	36.59597721005604	18.783767462946386	49.35048817125807	34.43292874859807	88.56620124653627	106.3417897003419	112.78457009260971	170.87938814341095	157.46523304890871	239.55098593303845	192.9710428071749	281.0232682180161	209.3432053815339	308.74208657843155	247.57017892022293	320.970420973399	301.18216432021035	324.2440079903993	356.5096860936074	335.5167173562935	388.9878569606642	335.01186798091777
410.55840492290264	68.72346567871539	415.9925764892852	91.59020562051607	419.1028318618827	84.2373918243072	419.72884981579904	77.93759244812205	413.42851335062	83.59045958178469	387.3620601789117	69.96196599343953	384.4752719033111	76.60549884736824	318.752307554378	75.67414604398837	230.6932033358153	61.4664174550807	136.04753730569377	43.88873016735678	37.347399763612664	19.666365712657065	50.7974019104688	44.693096907168204	84.83708180568745	107.8947926863957	133.45979812368267	166.61446025384086	159.80416184817653	222.51131942849176	193.82956160919963	276.28304722918415	214.871958806456	299.5406364995954	253.6778671158469	304.7069503933345	301.31002106823337	330.4236378062521	342.2015781083592	327.1095259543956	389.1892735342148	333.2364961882654
412.27850205999493	65.26458928759247	423.0607140142845	87.78105354138272	410.3674622044354	89.2064535998349	417.5556560065118	83.66503766939925	416.7155375729256	80.20532691662417	388.37506943271865	67.92883687181829	379.1598683972884	82.41694758606795	316.5507085042471	58.32112118080881	210.37166895447228	62.8890588893747	118.17066016136721	48.24103600506067	34.93010636345815	16.269341953836395	39.377427585822566	33.89206042326578	71.44380374835238	98.34266429697831	117.31993536030231	161.97857459185568	163.3312336350932	222.23127495757885	194.82320314109717	272.5763894181934	208.4034134149173	290.4691726631854	259.3983967619877	295.5507116586591	298.6877533201541	329.5625179383987	349.8297025335445	335.18421294213965	390.9093706713071	329.7776197971425
413.04019047522337	62.273072268316184	433.0064149661079	69.18767142916379	429.68403778550316	83.16850838003562	410.85417987156814	82.35390551683064	416.53936788384044	79.78028832766714	388.858203421633	63.330146427423045	376.7169790168806	66.84766256111223	305.8996141236687	64.84087619404097	209.1236378728594	56.167815976729734	117.30442849790163	23.58036649670542	35.57390683831797	8.185583578849883	41.36787904407598	14.430313303570253	76.71259232850029	76.60885816436807	113.74255745686449	155.39147955544382	162.47634369244778	213.31326139182843	195.28692310583514	269.88918479132985	206.97183135251635	296.9766014323818	250.34921176704037	306.07450228591193	315.21069812075586	305.8742449872498	355.4721155892455	316.0100791636747	391.67105908653554	326.7861027778662
399.4709607373892	73.03405608930218	403.3143833127863	83.76455603939843	397.52568324030085	91.27873833334168	406.4952799374037	76.04743372278772	391.65142816827347	79.37575101997122	376.4014120052366	74.24094809182267	384.5237589204188	86.80540513988677	303.6292208598003	63.604792443407376	207.94375271514534	59.400054485529864	121.67085398965881	33.37545878777348	25.756733147722393	20.162216559501754	38.82546806188607	35.5541369785106	78.20450612310894	101.69289521985137	115.20454903641017	164.2900468671444	146.8191897911504	230.61758635859726	182.2656977972323	279.51381487541335	201.5072214698386	291.4654373557809	243.5593436894172	303.78172370414904	303.26250694013873	320.7820176697834	339.02288893079555	337.4430475992577	378.10182934870136	337.5470865988522
411.5028583505827	66.19092634116184	435.0589973331923	78.6678996090579	429.6758262165524	81.36103203211987	405.9854160802842	90.55603700332023	410.9134115019483	71.38769346214546	387.36605927112396	67.44048338582235	379.42639473452823	84.87994311448291	307.2970680118473	66.30217683246673	218.3210000623577	42.33495459117478	123.67370727469977	42.53499058036022	33.313307455923656	16.86849291039401	27.887023822771326	37.36733980175875	74.34856373115619	104.11765821203659	114.49397466481923	155.9628301315996	172.56605573555314	217.32245045527574	196.07246749182227	273.76601556839614	211.24707385108465	299.3023468359153	256.36983290308956	304.93341856423854	301.51880771434793	319.82997250105683	352.0742624974473	340.2223917950225	390.13372696189487	330.70395685071185
87.20139328152266	497.8355798501672	103.59424985995406	510.0490682022785	104.50632165524844	468.88753188458804	90.39503412570384	438.3256433391779	87.62450697001016	383.5762613589645	74.12177545968069	335.58105883035324	86.37233921756402	338.29952153192755	76.4736410456447	343.8994331773778	82.84626769377746	341.37968603779507	92.73479818693224	330.83547446990025	74.98962560841194	318.89673473271904	81.768353294997	327.3644739617502	119.86480043114119	330.20575940340825	130.0034671660141	346.5216925600896	163.42857981658184	340.64274545968703	164.34900289827067	334.7499365079721	169.319694413277	345.4440985022741	193.1677084401579	333.83657716250906	194.35578088651366	319.04407877285894	195.9564827700807	309.5376657888195	186.95964577329988	287.9917506896273	184.87123553399994	294.6066126993718	156.19232738282022	241.63194835331353	101.71161471431817	166.60940751324935	60.129127871624405	98.24611045833716	17.56283503972485	26.062946279730063	36.96872100985929	29.44092452077705	124.88786049565222	37.1576466610986	199.127035724795	51.439112817842194	291.8063784682983	64.17032224223892	371.3227218005385	68.04547880766252
88.58500783213123	497.75803836383346	101.78818333305435	515.0804706015219	100.67392975712784	469.67682048800003	101.6827909056015	435.05387921896414	84.17909753405647	377.75295915487493	74.66801909043193	335.5207257121574	89.69216513111118	342.6753555742639	95.02989816421876	333.3123077661471	83.74844568628576	334.22163958761547	96.50148061773265	321.92040841732694	78.94453678784927	319.5942332358703	96.74602337493903	342.427181324557	105.66967051265136	344.3725086841657	143.00018082187248	346.48466937557646	163.61318631566257	335.6630778179939	167.0376095559012	333.744786392707	181.6662919657989	344.48721954784935	187.59561878179167	342.1191237598334	200.23531030441953	324.6866420251603	199.55136019624925	309.4727998385099	189.27231232332042	285.5029023028222	190.58173298114005	276.64821919107186	153.92668410843126	226.07676189991827	117.06220558425916	152.05913708440497	67.9627292119338	95.91583194469096	20.60578326097768	26.32622781939523	44.370834712356206	34.44629980806212	119.87060762884109	56.01968808575622	201.18442863338538	68.51039199141505	298.8581399875919	61.54483185813338	372.70633635114706	67.96793732132878
93.53662668831558	490.1168903994122	107.42666458161048	506.10658765889264	94.32675150704102	472.00886524034684	87.6854954295066	432.31653307648685	94.32394073608808	378.0963937538792	80.53045119075887	327.94472065026895	93.00531417742309	329.4170625734237	91.36547435776896	340.4410212855318	84.19359310054779	336.4839649084331	78.77261015663395	316.36323219864454	77.9791432188982	311.6122477924833	83.57527371539251	331.5418140840584	119.88655654934381	339.57693234317026	146.16997303239276	339.24420193464647	167.74271778155486	345.68126878065016	172.53055230805526	328.3261733774614	191.7689995291359	334.28300527093046	200.82541652999782	329.24102825486517	210.3904389205689	308.2350433844443	211.6437070238603	301.98618181920074	195.9543850329699	279.0942215104699	202.15252644342863	276.5976238449283	169.512828770673	219.06043194536616	119.17601715423501	149.36757115369082	67.63148501539392	85.34418526133577	23.826025052996304	18.652977568660837	41.57762002864761	28.604867972149716	120.59154612082605	33.76387509237965	211.2445919766878	49.019251238796876	312.26918960870756	65.58403367922293	377.6579552073314	60.326789356907575
379.4819062985981	341.6857995100631	390.9937488409861	352.98351580117196	345.54747526123543	333.1152416681244	297.65191021093557	330.03678419690215	241.3136763663886	326.4191665731589	196.09976031114672	296.675075790235	210.71366906841777	312.283341218041	204.1618739385578	325.6521672120982	183.49645145742863	326.5733552656077	185.50448467588626	332.66598092265224	168.9466882893517	340.8461640721058	174.20030210215631	360.12359170800573	156.38360336463563	345.7792484824211	121.89837504312116	336.1805531437113	97.067118651442	348.9489927093257	78.23349837388426	328.97963548571073	92.73099333475609	344.4776119197218	80.39567238829176	331.28040487615357	93.05922619134893	338.0055468336091	79.61589998278185	345.29055848979306	74.18845303015104	336.4134922192827	90.36563862746216	342.5743756714188	95.391557255153	396.09637618631155	94.30691954406917	444.74200891032973	100.08930921556932	481.92609329812404	88.53487239190329	504.57171817803845
386.7851292267054	332.54246726064446	391.6354890406473	346.2389087784586	362.76911116831525	328.8157211243218	310.84247905367835	316.0245288851581	261.2959126280193	295.66541837744853	202.10382090317427	283.4243669461204	194.80535796021132	295.679926238195	193.79233766963597	320.06928162805855	196.43915551020945	330.5629295348614	186.99787081225998	328.41804863726577	174.48744443283402	332.4362079048878	175.9402381196464	351.96486377591486	165.80494581913942	331.43265570258626	132.60391187391028	331.9878741518635	109.34754420874731	326.64458309950237	84.13821747628414	316.2719858967466	85.30086705609042	324.55984297899084	83.32309336112401	326.9805282941743	85.09125405589292	338.0845636912072	95.53039462278078	338.5582161907129	83.08521486302217	327.7999009289431	97.64837956502934	334.12803970142875	92.75836936174403	370.750624573858	90.4168632554381	414.7541700852317	106.78772149502994	467.8088165069555	95.83809532001058	495.42838592861983
384.96763142198284	332.58936771535565	399.24002292171235	344.3279273864804	353.2096430050058	337.85652608683574	293.20249852537387	328.4648538120079	258.1436250847396	302.3936294079306	202.2503201116207	283.35949525846496	208.41137294728725	289.01004725529924	210.01870135623247	315.6381062829597	193.41603780629637	331.4634441506351	186.68339204349502	327.3469910068457	175.23879700373277	331.62205844674384	191.03122417913633	347.90303223492646	172.41608195889128	337.6745136332058	149.4166214236122	332.50910046657253	125.12017591066707	335.3596002453053	84.39480659959597	319.23451011224125	82.2631329707451	338.1773278372922	80.4029086692664	344.0095844842129	78.68782844335936	335.2309997515114	83.86080961984118	327.8736476327053	80.23294700871031	327.1971306952764	98.81736490314537	341.2689912349651	100.03447681069487	383.9874777068701	100.59322501318636	417.5819146100816	111.88942376846914	462.32042859374405	94.02059751528803	495.475286383331
388.56351163243056	326.85335710571024	404.21765627050917	334.183038317873	357.21709597277993	324.403019295331	297.9962034372512	319.2900688147096	246.2794791249059	309.0430332821192	203.80803097896973	279.20130100463655	208.76492817623608	272.51600160821755	165.04290440984482	211.44484969035216	123.13473444852427	164.3158167364283	71.26657645006432	82.97417245167665	26.889049911651046	18.37140351346285	39.16786690460998	32.0038686390877	126.42908558095334	28.55221828152047	222.97611377660496	57.07190971809141	311.87413960790343	64.88239312361276	377.15713992224283	62.470889442391105	406.6911354945237	75.07369187858842	400.818015179679	84.30254671816323	400.58119976058595	81.48839925043329	416.17638318485297	79.59253495602935	409.9326430211184	62.340326596160246
376.8580257591978	333.10919439810976	394.07266126076973	341.26954654279274	352.57652568726587	327.1627980205829	301.7733664090785	316.7111177642599	256.8282626553208	308.63757322482	194.81715051260682	285.3414746315742	195.2233609338631	285.2036665350025	152.0515166717083	231.21023413845847	115.8368649287882	166.56867879208318	66.3726563079238	88.88577075436444	16.499090543940223	23.508965675240994	29.39749503315237	31.919064953057628	106.14177401547131	49.356518947065084	212.69791297302058	48.33922078305696	289.1667239047937	58.22371710945981	363.67691680522415	67.87302249357116	395.0002327701616	85.66948950513114	400.76591395992966	81.32998071316703	395.0568047293657	71.20749846984961	407.85291225234306	75.21612512177441	398.22715714788563	68.59616388855973
387.0588393140993	338.10590622919966	392.5990422862814	344.5128670780828	350.91495876845426	337.3396686184383	295.3673167511566	325.41713394740555	243.34937054302185	311.5032304890151	202.53669786043332	289.7445642360864	210.6442553825816	288.5990258013716	166.63040857617176	235.4865357010131	115.93687085932034	155.86949832859545	86.3040275252677	88.51967046929387	29.66677899346938	28.370789718717937	49.751566186207256	39.415256443123	117.12783119417446	51.99396677691509	207.74514281105144	52.45361382180346	301.0224332759192	70.8514316552812	372.68240012086545	73.68609670234089	391.73050449373363	87.65050843586549	395.51083852664743	78.30383741737018	421.52301811006583	92.63126044142359	427.4619634003713	80.79137548947718	408.42797070278715	73.59287571964963
94.08828283640878	490.28826523059723	113.9271687794466	492.2129919204896	100.94842668545827	466.765304623338	99.91526990626254	429.4585435817143	83.49108226844025	385.5290607387274	79.93706709747788	331.1733099361828	98.50621853208492	343.9798812012695	96.5491615162064	345.15235059727496	96.28863656035433	332.0449112828891	81.79463318061968	316.03036960900096	81.35703489453844	308.9834123657876	102.68064287669156	309.5732864810829	119.4532936539787	315.46411216165893	132.50380716773861	329.2561515604069	170.67397009636724	338.14904852812026	173.9157023706993	328.9606808649835	196.07514444981615	348.1683702031962	218.87063055828094	370.0940202199415	222.37537928727835	387.78845436764016	258.4143241881492	391.4684838089055	258.8507962601501	396.6892880030218
98.91545277709199	503.3060813796853	102.91161536987354	504.5357868927485	111.09706771700294	470.9826891614523	111.75741681830823	430.7697605115501	90.82645022955418	393.87195559141014	85.16237758655612	342.0372638564783	104.52790270795414	343.5810524051614	103.04403388697598	340.90845745377567	97.79831999838868	345.25771781376324	105.627386472944	342.3275177636675	87.29659414264844	326.81813473253317	95.7990433603553	345.32668128159884	124.62483428677653	348.08889438398234	152.3575936673175	342.67599090368896	175.7455062526663	358.24776277703285	176.24853384081842	340.8176085185525	182.57486921374485	343.63587859447773	204.5579919269353	360.83188076201185	243.22297155114117	382.4557959433091	261.63549728801524	405.7558312993468	263.67796620083334	409.7071041521098
96.13149809743071	491.4616164562998	115.24942853282242	507.4846790156283	112.1612439947251	475.1755970808239	109.20457497036405	425.1318333630264	109.06798216559667	376.76538772590635	84.45016751257714	329.87483099140695	93.63211858254792	335.93294155926554	84.56506633854171	334.9723473751224	83.68125618893455	333.205730905497	84.3488167973723	337.8428447113241	81.5432105154117	313.8508663138929	88.61857958360957	318.3985175330341	110.49747602624399	338.54528277335436	130.66528410493052	333.82637558471254	155.99807934135222	344.65270750972024	171.69966119540732	330.32018766266214	184.17280944447617	344.59588553409213	217.98512786934126	362.57556130804136	245.90156505939854	382.5435789785816	265.7241959451596	395.9431926719147	260.89401152117205	397.86263922872433
90.68125674080963	504.0784845435291	110.54035222278932	502.03848507263143	100.2389078742662	473.98065877333806	93.1028704305724	430.8339601981486	100.67486357302025	393.4280984574541	79.42339674266593	344.66418452770233	93.82790448276427	359.9741115139006	86.95872774516431	356.724621664137	82.32685691071877	354.442390394246	96.0521295501842	336.358406203708	79.87576289828007	324.32805695912657	93.19822835514417	329.72265548643975	109.73667018502448	338.5100831947483	141.22145844456313	335.6098760747556	149.92977340276244	345.54263753014044	165.2618302317167	339.5450928376003	171.65717111387175	340.5110723018265	184.68464661850925	335.93478715611343	181.49947772788778	332.8942393310027	185.51117274102535	324.6408912280517	189.5564561720489	293.3570379535871	194.77032247234666	286.18136685615895	164.33985772787634	243.60437478986387	125.42530385525953	178.7904108395916	81.0291391133681	110.40732109707014	22.390059641275137	33.39299946859299	33.47997963137446	38.784980258343694	118.98929133728093	51.365749913985	214.1240273346947	69.22133903024549	309.8507112859228	73.51834280497438	370.36121154817926	75.14553364268448	396.2055720122208	82.2349218086431	401.24025064352884	89.13923224830285	414.51191183805935	83.12606319702994	419.92608299244137	84.35539131867894	402.9974220361923	76.67953536600373
94.12416363380281	493.80220174305595	114.13394297575641	502.40935859989855	93.95931077767428	455.9512692575649	93.42628706427035	410.8826696182386	85.19242722473976	374.6256426228517	79.69165165192527	332.3094837845021	93.55645056826468	342.55742077259504	89.5520995404316	344.80611273372216	94.05808628996246	342.6420171190909	93.65974389731088	319.46793749802924	82.56487280071434	314.81425399574607	99.69034083404708	332.0248751543193	127.52072437045682	335.4818912197071	139.41335346008526	325.1572190103755	151.47132384397722	334.5908565352228	171.56641741158768	330.45440752688313	197.57571729919704	339.1504310404605	201.17168342362126	324.4970096387717	199.86428586100357	306.7220152020561	191.9771363983296	297.22148609932646	193.36669009160235	280.5986887760147	197.96613339429314	273.5453611106688	154.65809354366982	228.4391143960521	116.3576378593568	158.9952498431527	80.59245687027563	87.24174932719228	25.661465741983953	21.10854188748212	37.2798287018154	26.523970458186398	112.00944062400976	40.88845362506672	216.306185221686	40.42334761790255	308.6323908772613	51.7821109240984	373.38484142766345	63.16404528441358	399.95560567347275	68.67208847049085	391.2784766724096	71.86586487445966	411.8226895370564	79.18573008516073	409.13587695242086	72.22378513955599	406.44032892918545	66.40325256553058
85.80903436435418	490.9410990352271	102.67054661869881	500.60220735393017	94.7695159958505	464.6365360497608	84.56417194839996	420.224732100811	93.57736364012662	375.46940629901593	71.97926921594001	328.50801345458103	73.1075057138187	330.5579689796717	86.54732071181047	340.5639524986433	92.38934886418039	329.79516708006616	85.32277259096274	317.308043954475	74.61642342271723	310.48564983200095	93.65260038146755	316.17265339665	111.21039802200323	325.0765680923359	142.23653975101382	335.4261147102871	158.58172387968446	327.7812165075258	165.29832737342653	327.46666255696607	189.56801403625894	341.3633810911094	192.742859525247	327.7912150194721	178.2869814004919	317.82745646988633	181.25741973575026	312.58282450733174	185.7879304073622	282.3875217706241	196.39609433007473	285.87001391214613	151.3705235379358	219.86783813232196	100.57410755408073	153.70985836688516	64.61296801243853	89.59008297309346	15.575318187911536	19.93097234964981	24.882879716772624	29.4699662926634	117.63042843652212	32.7595753688055	208.28401454731465	40.1887035369586	304.8167375796688	63.57202424358933	363.87514437827116	63.42669843859087	379.66747524000795	73.50037432025682	392.39937836451355	70.53102809530282	404.1518623048204	79.94489357341796	396.54637496675775	75.31661207693054	398.12519965973684	63.542149857701716
96.348099193008	491.20887383511695	103.79200568405119	508.8762723717935	113.36744332427935	455.29113568947986	95.58125895915211	417.2401298983811	93.3765287045647	371.9183422690818	81.58104727419905	327.91281729731423	87.26579669740302	328.20339445336504	92.41896409762255	338.4591514420572	104.41455424313267	320.71793571356505	93.07949954942495	319.8506129098622	83.47156584369354	310.86843024784196	94.27789576925625	315.17650851978146	110.14007040595995	335.07241759899426	140.1998022714587	322.2034426666858	167.98029571198535	332.31983168260956	172.70253740752892	327.6110471204258	176.78112923011355	336.17211834258296	193.0504579302666	339.2720515731437	208.3052802805994	314.48598068280364	213.12659733002607	295.8142585189196	197.82145715571156	281.28569215030234	205.63820177321497	300.0411031858616	247.1746207883728	298.04566575261543	306.37827838180294	310.3156801049315	358.279798910263	324.74727978670074	387.2951330997028	328.3229551671416
93.84396242578373	492.3063094425229	116.21834677261052	501.7421857480412	103.48713876087962	470.8674122609083	111.38147127664882	412.88596599018837	99.55367749244914	377.65996317743213	79.92245211805651	331.6250772475091	84.48529673857963	341.678507209287	93.04853149994821	336.1576907836258	93.44696412982852	339.3022076034749	95.8446489870207	327.3528691939359	82.31992101109833	313.06524185285764	97.13976401380746	319.6340711099371	128.1250362846826	338.2489943264642	147.2998592220633	330.2625339082963	172.34836501020789	323.7706959227969	172.41482569750363	328.80525423652085	184.6372281103656	347.93046679245066	198.91082313259005	336.8475395902789	205.31905819435724	317.1524363530258	195.86077094743194	298.6631999260874	194.77538301449968	282.416318372767	214.2799439159387	301.4431595739477	246.6846317434229	315.4264188563195	293.6588326092875	324.811629711425	338.9487846186626	321.7842096044082	384.7909963324786	329.4203907745475
89.21295502655836	490.71518929115973	101.29828572679764	509.74036838519163	105.33020314414972	478.0355929812385	95.78743583944066	432.9952628393739	81.41883017681363	371.81442858529425	74.42321021498954	329.9291840251623	85.67097509300987	347.20033923734735	86.08149595698056	346.32303007073784	99.53022664664552	329.66334898053975	98.30297238903171	318.6963985514285	79.6428684050157	311.31990810404216	100.36343700851849	323.19899014130516	123.81170356948881	337.89775019345274	136.6476412988601	329.02750501461054	155.5886611215084	344.2439973124624	164.5076941520966	329.66762727709687	166.76933173288518	339.6671416872637	176.20612467472398	318.63801049741085	186.05388987262583	318.4548102598128	194.9332715026624	301.27500053424797	190.1597828983986	279.14013558424637	204.92438132779424	282.97768563318965	246.15238861181467	301.2995077569855	306.5104322907341	325.026239302605	344.9132275267799	336.0629010714385	380.1599889332532	327.82927062318436
377.464076630399	329.70192022392877	396.4832573177154	338.258041943185	352.75687845654556	326.4079844225584	287.5540195954316	319.82871705331735	242.78242486327866	315.02861137029964	192.76846073381702	283.01599734271656	195.00355943439672	287.722744250026	203.5707466784665	310.1061811184442	201.44565479409636	316.8735409295115	180.28682173936585	337.30521440542094	162.79139110968944	326.5698915462069
390.0462432821183	336.66932237538924	402.2790360094657	359.8761844098934	367.34097277104655	345.13376262183215	307.9463867470713	333.96286989255833	253.46552716244986	315.42338569319355	204.73596622435298	288.04644967909275	204.8134014216842	288.16308988966017	203.736824629674	315.44254383036485	199.57067620172108	326.8362314832657	197.8518819775957	346.5738181295969	175.37355776140873	333.5372936976674
379.95710466653316	338.62657063449194	378.60019264520304	355.5966148162596	345.9536028105119	351.34801547041957	293.3170140208149	322.9184768517464	237.9041233052364	316.87480558058905	194.09488612484077	291.1974088550439	195.45895042604374	296.9082180252758	189.45665748196802	312.25163320469665	193.87763079488758	334.9430209809592	194.51698784381585	337.69493008440566	165.28441914582356	335.4945419567701
