30	5	3
367.0738927207455	285.95945846166745	380.3448747663863	292.05337275890054	383.7901790277886	292.54351101019154	371.1481219276586	288.1877434526471	370.87198741271646	287.54084325326136	384.6383889245426	290.1038043002313	394.49000994728965	296.5195711170518	418.45793451293827	301.4363556417252	421.8642507717338	300.34088753284016	432.1945597627402	307.46126178147244	440.5439963363958	305.49574528803845	442.1353011468832	310.95187734175806	430.6934632014976	307.59276676298055	438.0957271515449	312.0555642605809	459.6686227864909	309.8307183453347	483.1754401924381	300.89177233219425	491.264259087019	287.7736156444783
23.89872207712479	485.7215302957521	30.184320920141715	488.81177759263136	54.47515600224664	487.93497128685027	81.40955650801133	484.59277931930455	88.09344832193683	482.80682212701765	92.2723504877923	495.44112322558266	100.58133515282674	490.72495064922526	88.29222459119573	479.19754116318717	82.47376999423822	475.3242463032742	81.52859155334707	475.54605000466836	68.10067983062592	447.25936161073685	48.336214010684216	401.0255869419334	25.26486795377072	365.5977136663747	27.767727821187005	370.15163013479133	33.93960330597054	366.3404343495016	25.93587150182209	359.8180935078808	23.31720238167722	349.8352402373227
374.57917616153946	318.2786248286584	379.03821299514834	338.2916836923581	359.69861710605153	366.2419007757929	344.1808336491747	389.7587875546496	323.5211411902475	397.0922095216948	326.38144555570835	400.4809054312123	353.9352976332553	399.3368634780362	369.4877917706722	393.03543941219624	370.58686659664767	379.2845290996037	382.5088899499038	380.13736369477454	390.49785697034525	387.3764773810238	400.22032556142585	392.1230320538397	414.2650704387142	378.5759088226337	431.6935291419498	378.4544105285546	444.895706167999	370.94828596180963	450.51949441167216	363.2793655208965	446.5490593245577	356.1249178752337
425.99640282438025	379.9776004477958	445.23898044670045	386.2855462760285	445.5837079092834	351.55118503365117	438.91075760593986	308.1119469250539	433.8656739041564	276.1403389422695	451.589624144756	270.6359072474537	473.31380608519885	262.80991904607185	490.84701034365526	251.37629754563588	500.32286174125227	235.33171602936008	514.4144426681997	241.03672899306244	513.7316501288719	236.233716963077	504.5814585198393	223.42608320377508	490.4838678009361	213.42111972948055	492.380692906325	205.0264985823873	506.6902355657664	159.810211748132	509.67330553058605	94.45002434881876	495.38236282136245	26.719839044065736
497.3769193422339	497.59880312999087	500.2693969320958	497.0405321941665	466.012261120906	459.84071142424625	418.6649608229653	424.10996242297944	374.7316919495264	383.67166550114587	370.06377035358713	377.97884533455544	341.23622654842126	386.0011270740017	306.7547368413946	388.8639535109619	283.3048057602197	392.1738754050374	283.07990311073706	404.72920643472276	284.0582622922269	408.00180826714325	284.07355201576434	409.5505707843833	270.17170770827914	405.7536073667797	265.95106683063443	419.90187474807277	250.31922259476178	449.30000149816203	217.07605572602364	475.0453318773744	174.5986302151815	489.1773192477967
179.02655730090666	87.11074900288406	191.69971640101735	93.40150843892381	201.035399603411	89.4174364959258	211.00841506583401	86.65237310369193	202.0057091033904	68.16081799402451	195.0810538065414	75.44169756895542	159.9997089368048	83.71920895740443	114.1119841724896	79.76193440241536	73.7584600223879	73.6483782386171	72.61549976052932	74.89006863190043	77.52502995828236	77.8347159148574	81.51032130594908	61.72424015307824	73.66355434453703	44.70140257321502	84.38921854075748	46.94588550284807	88.23990078486901	59.6495449973962	87.89714910989485	54.25865003822244	69.0813979262638	55.32507734784549
215.38912307461945	242.72601748918677	231.30882719802145	251.44742621440153	281.24286740021216	237.64916920299203	332.5438867064654	227.814893406362	374.7311110849369	209.6855369339214	395.645797717569	210.2062177165336	415.17504681972565	209.7461781306416	435.3726719122424	207.11106066767954	453.6705926427457	208.94551992153492	460.57366193632373	226.52903924513618	454.46823673550745	263.3706666794843	451.8466832665019	315.79013168977656	441.75780806049966	345.96825047798774	439.5157887288586	361.5525281428919	438.11149746974036	356.80228675766733	428.2102300018223	357.0535889883584	413.4428308306113	360.32655463250984
256.53906019006996	24.185183508583563	276.6566547050886	42.088710846772514	278.6657511721577	44.18771769173468	285.4690222998956	35.54814796439684	282.9600209407505	21.690812249393325	291.9277440666368	22.84091408594451	279.9426742981499	31.185012652991833	271.68626690890716	21.286755070394115	253.2287872611542	15.98486149137836	250.5473885095394	31.690353646082297	244.42143612043034	44.069725581276636	241.72597378884984	61.76060170086576	228.72078469131415	66.60445461757593	225.37885195521213	76.88181978699559	223.25548066480488	69.58752243722549	219.98763538060848	65.24968122635299	201.47290684334808	42.9667504716966
341.3743424174361	242.63268702323032	358.9848551752664	248.27621717954472	357.12414959081036	247.164846537472	338.63018853933613	248.97725265860475	329.6893658940113	245.42726701079334	336.828601701469	254.89056984873866	339.87907632310896	253.65823024390062	334.4569183482838	246.88443944688652	324.2963491201271	245.28054720121435	326.927259019344	253.61957901317544	321.03919033707655	240.4955152847653	312.21601720160595	238.8759228048115	310.9858830380159	225.12903631412485	324.07257667556183	227.93448261142913	329.6909801060401	232.485066981252	336.371159152964	233.56894115032284	344.5401126563308	237.25793143395845
273.22678415502935	113.61646691270572	293.4777329727135	125.07009137064766	325.90043809733885	147.1448516513051	353.4413488066132	153.74246214654963	371.94866318977927	168.70606134114863	389.94419902572884	186.09015174629104	423.26421949283616	183.09744471850416	453.72514143365515	177.72823162421224	467.670336289432	168.91041838389071	472.22272435571256	185.72087745578634	444.4716833526506	215.60201686515373	411.3008621689629	241.05642574396342	369.32103054629556	264.8110383384573	369.04265398914106	276.7309830256248	351.71293404370846	240.62676766635892	341.3608397636491	184.00608240258887	328.23359724772814	121.77804335222422
37.31239313011503	337.1673483678039	45.696703819716014	358.2300700460205	40.70350724656796	366.5238377679258	39.566576370009244	363.4628625580572	34.012982886310425	358.31374213014715	44.440286696003476	369.40511205952384	38.22303242513131	377.67255275414675	34.39403622318998	384.6455288172404	22.11824640499274	377.1733716772858	25.992723215023638	385.07443610811725	33.33115565160105	419.9743533636501	28.889931469120544	456.831476900349	17.484143191619427	472.12825063696164	28.6857871766372	479.76405402099005	32.45264828523595	485.63074900348545	27.063917837217144	481.265822702071	12.422819960525473	473.20802660015914
417.9607141811918	271.49432376410124	441.96070506906983	269.2913733994295	456.53652978774437	232.06988681263167	469.64260312686366	179.15609348122132	480.17047427440065	120.12804859516773	489.02148826813766	107.58113816306002	480.0334861545832	93.46278558321379	457.98989076291787	59.55008308069967	443.3852413890061	25.5777154914192	443.4964681605319	24.754919273441278	406.93190936274254	32.03094674013386	370.43926796610316	26.840286400174644	325.5990863620332	28.32077110302906	326.04253013055626	38.84023069002236	320.4787257298311	43.71629743097128	303.55470340169353	43.17719253882149	291.0981384690325	22.39721041245588
181.95439028031657	82.95130269988415	190.51157817498043	88.86088537812992	212.12051066104019	101.45426762460927	212.46392693318165	121.15699792961337	218.89593372282488	121.43374853974402	229.2558085258608	131.66990506219148	244.3873250590826	130.75734509023806	265.14335468040224	133.3573706616906	279.34249572879577	125.88671452617739	285.17001089097687	136.66993866571005	285.5638493743737	138.43994464912504	273.9200131649191	146.95000733379823	249.15180328186065	151.82326408582992	255.37989410962135	150.810541578352	294.6105126982485	113.90234791161565	351.21878570200545	75.99793425044871	382.4509950842876	23.906114752291018
169.15053434924832	258.3888175041833	182.86110293142855	270.3898570653073	170.49188410852963	269.1646281379355	162.69546680003612	250.3570092832903	156.96989414760378	241.427605941423	164.8988035532829	244.54560241733745	153.27595394078148	201.70387337687052	136.8762805239945	148.89649028803282	125.45335867802905	107.0077996454322	140.86676760569355	98.89284608563067	155.5605156174186	86.98138903001319	171.7439774270681	76.42536796131354	176.42170477857323	54.075640680564796	179.95294597412763	57.11852285826205	183.7539174089822	50.8584540994715	191.846699815391	48.639593623032894	186.41030545464477	37.64617064499556
257.2411981228496	433.92656197648085	254.37317166670894	436.02370783584433	213.12910027376924	425.1480923886383	162.9401243886349	393.0087861739017	118.08521102904226	365.89113119397814	113.46885719967732	365.24525417281194	83.58730943162578	378.33564957274757	54.87379539259958	375.2331700066507	21.387708898046377	367.4200616350755	19.302124028649914	381.8295725603973	38.547141392536595	419.3231581194619	62.50356572610218	452.1954837901187	71.30204671153874	480.44491306328587	84.67522687948308	481.2663279041717	80.00489383364256	427.86450274663827	63.14133723319044	363.65023828932675	44.648177084686125	291.21619366922937
223.26873774983795	337.5072849619497	245.8162177325277	360.6646748963832	262.8891978674888	373.6941652492915	292.7105663679633	378.408556897667	320.9881499964407	384.5324021504188	343.7925148901342	400.79212054899415	361.1997278881959	424.98457320382835	367.79958814059717	460.2154201179405	378.0617299142127	482.2226363030502	381.09120181130606	502.0186130288128	379.0013340370853	509.24046334432643	363.6178844308161	511.3794311039352	349.1112554129233	501.03631312428564	358.60111036293597	504.2124800463279	357.63628347142145	487.72728113095667	344.6397970285194	453.3969330000127	332.42649747899435	426.3113720153604
336.75448525177967	454.7286841805723	351.93987571925106	458.8536842145055	355.9816274748172	459.8963585647585	348.40435621603547	465.7096299504759	340.9014489048875	451.5947433458976	353.8978897381055	449.4635428038077	393.78912906442133	427.78110934359097	427.8189496331677	392.938983529801	445.6836329448621	363.2646975030429	456.76312280758555	364.2228341626647	457.399478516212	371.03888379089653	461.86910050046885	367.38665236381377	462.89372279889926	360.10195473194915	461.2963099714588	375.96417944346564	427.86755203191717	408.70809227347524	388.57610077751553	451.5655293204855	325.41965545999966	498.8764142280939
485.02224218898147	378.72734544942716	492.1154676525592	390.6120487940899	503.2516475903305	412.78863826969535	509.02711844071246	430.5853396177781	505.2167382744827	449.4559973869208	510.3425913228498	465.6658142858603	488.1354362078136	464.65708269728543	471.20372625491797	460.5649179350247	445.1215551489866	450.633163681726	445.5528696206535	457.5876919710397	425.94946058663766	459.28075933962265	410.0121455762053	460.0609849259076	383.0804227180299	448.5632918193385	376.63514280781027	448.99282645910125	342.88357726161433	432.5399159204046	289.394888201657	391.8419382622848	222.6384912082511	358.33658944382097
427.48724134712774	74.72279207282406	434.386304944706	85.6822727649622	449.1516754113577	69.01593964284676	452.87175959690956	39.50406823755755	447.7641643982747	23.394704051521288	458.09971911289375	35.87348681474782	468.23287634126416	57.82812092662256	478.47807693444406	69.33280659544295	493.2966188345094	78.86021180149577	509.7887637246305	92.44329113773284	509.35465842181867	104.70646817952544	495.4268291626854	113.9104620550238	480.7727773651176	116.74040582072315	484.42341169063997	135.3060364279524	469.9444274446215	183.8171784000815	462.40060889223923	225.5435239965299	446.81146632709135	272.5034700356982
238.2772314332272	148.49355424200883	252.8456001048486	150.45597336184156	234.85844180026305	155.64897199566107	224.86372632920143	148.1121089069065	216.66981576215125	129.9356102193667	222.39787703898585	123.15887702282154	206.66683524725082	104.62129611503993	201.16352276807257	83.20687747911592	185.45770928472467	52.875895148715955	183.92052561818477	52.915802834035176	181.0655797666136	49.49329560988336	176.7378031620677	50.31340004894628	172.0100999933751	40.72985626026127	177.3633958644937	41.035554683500926	176.32263960921324	49.7776349606451	181.22695093759359	48.57236963226522	174.71324798611707	30.20855299014413
130.38840746432194	23.2788365355337	135.08246616872276	30.02340820747295	145.03506328576395	39.88943687365184	133.32539399398135	41.55426159082053	127.16308775015015	38.104621864454494	124.2628628570711	38.7866443392289	107.24951158867184	35.846903706125325	86.85936675328543	34.370580604919134	69.59809953986371	17.68360861136547	78.14120925126207	27.09809552645901	70.69243322773049	31.584192115191183	68.29496876233783	41.33555376678528	60.703066062415914	41.28607780811825	61.168304647138136	43.11210568432794	55.93677601090029	45.34281867194574	35.16865431305896	34.540459604551316	15.912529235691103	14.461265545192273
305.8837608361264	272.0008773327141	312.14182847817534	284.6913131752093	297.581515277811	333.68322173968284	285.46637925276866	390.2469998754688	271.7592635304178	439.68645812232506	272.89453624163144	461.9370703423111	278.6042206744286	475.4731114423302	268.24879357527936	482.29668977716904	251.9514246376045	476.53120220107127	259.9502376101401	470.7258572275595	276.5172133629688	430.79134295019765	291.5918019985051	376.3617405286509	295.54094912578626	329.2231962123333	303.9725853563848	323.5314112619784	313.91656885446315	323.83618746786635	321.6666996184452	320.4063718875367	308.3273617580789	308.2729423093354
450.8767272941784	100.32231457847423	459.85071061120004	114.31330023152533	450.587062501184	105.20734322800887	444.79391004426367	94.496545833927	425.14073263210247	88.35050989631735	425.2677696587757	89.2392126131033	410.30288416803916	68.36001048297106	389.38964339603035	39.80043854862567	375.7773964265021	12.158643300098696	377.09900277841575	20.506808522723198	359.2351534031599	58.79585914354692	332.4164757873063	95.86343283617163	311.27424510174853	130.28123898706937	317.3926711544329	146.69979553070297	313.4871244024722	156.44556726211917	304.9381028507046	151.06398028526942	293.17772359079373	150.68402436738572
115.7790364928501	302.00857998913415	127.9872382845169	306.7547774709295	170.41515530406613	295.21832834042215	222.36425372260868	265.50001685696157	257.9105043097145	233.73933129589392	278.29254157061075	234.56266082049257	275.2952853703513	212.10275168873042	277.8638469121646	177.6363191782285	280.9996113703481	146.88520575309934	297.1135417399908	156.3895668816401	302.3313796469189	210.00782899587065	301.9833665789747	259.30306759621135	309.02901469584907	305.86675129722687	313.0341215267405	325.40425722383276	308.5468170093837	337.60786391992195	291.91968923082914	357.6761896633164	259.93792928041137	352.93765909697333
280.61029830377004	356.08470293070076	282.5581310658949	356.60030163377195	279.78456585843867	349.29226196407785	267.48269881787166	331.62405989058385	245.64670533507484	318.60396524657534	257.7982981251743	314.1875682472478	303.63829283455976	279.3598129128379	347.5663393663266	244.63193648754992	378.82624554155007	200.50784791684228	403.06607836536773	188.79409236216281	424.31986734475726	184.76030608346986	448.2631165438817	179.25261047207619	466.70854190426843	163.11594236792794	476.90618954846434	158.07665532760365	488.14170987458346	142.029167952668	486.5375908421594	126.30875748436625	476.26707614771885	106.95980716113829
378.70373456939893	122.36048284997048	378.3320577919287	134.80183089826002	352.3616586713092	139.01834958694874	313.59949217065713	141.1632533608261	265.57806987963653	149.22004460048703	259.35612272718413	164.80202704747643	241.80201565675907	166.15757004057284	215.65211703609594	169.15277731220408	197.4706133347363	162.99799328992646	198.70758622573996	174.72555232672568	201.820012477671	196.74882271422618	202.0572145739084	221.34836453780315	203.2257625417599	231.75105280921863	211.62363620123793	230.48953032958326	236.82090228144096	208.78113607049457	252.0298507813338	179.9979190042295	247.01600112817832	148.5557610979057
324.4008818673908	255.02837908246272	327.68720796296213	265.7238914033443	315.56633307744244	265.7070332982628	286.8693049134798	248.31967368444225	265.73704503316355	237.18784469180815	270.24972438902824	233.27599450918575	253.8190335894816	210.1899265489245	228.37804953353577	185.92967742836245	210.59024022110066	160.521194973625	217.78094325635837	161.2265368212345	208.05249586601389	167.97598795383547	190.6943658104737	177.39838308136504	180.74010863538507	174.92380269075719	186.61006708955227	180.86735762087702	163.73471986733404	173.41723754606312	132.97834242912276	156.63433599962238	95.61124597635177	126.93205644757904
419.8021393147933	267.25611260688294	424.87830096367475	280.4768628460342	433.428205906063	284.2679751341139	423.93695192669605	295.73990554482833	408.1080961240677	292.4509123159263	417.02896965033005	304.6448186398475	427.7072742712337	323.81130568132653	441.1990044226548	355.53834730768006	452.4530952752224	370.7282461294114	469.65414636519085	378.75286987271414	480.53807983307297	394.6261202137025	491.5697379995381	394.59291440832146	488.38395964560056	398.45496212165983	497.70415945350004	408.9017035919428	491.03117208754196	397.180996471208	496.5100621293842	396.6329722819985	486.75908426074403	376.24315697781935
241.39459342003494	77.91648440243226	261.3057967586913	88.27740047328251	283.65219886378884	74.1173845286426	306.27940240146916	62.0696695795945	315.1382214685836	43.048740131475036	329.3066800375324	39.77177286843664	345.00875344219514	45.63472018383354	347.5876512130442	56.232136497012135	359.84615406641274	56.95971249326754	373.3606288990011	70.45609975062166	359.60864241027224	79.22389927694847	349.8445988439795	92.05010352981228	338.4558444379971	108.86876645206604	345.9527032057197	129.71541109363824	363.32289046039415	143.28704704894776	370.14355895395516	146.38812273937296	365.1242713763515	144.6086563422366
172.9123650288567	263.1632271758058	180.05454687344982	271.0340869110058	177.90535091017333	288.92975134221865	182.60226941018223	303.89275725912154	177.37533313434866	310.26039093784567	181.44596600857363	311.216639460215	149.82116815030113	274.79141053980254	119.45201026841333	239.94253693941016	80.12219013444351	201.32020487828552	73.23079500676488	200.851058356218	61.85281950144847	229.6651834639897	40.87227149368104	259.44952902099845	11.683870812619423	287.55967706695736	15.510974152716255	313.1461255419422	51.0432542977039	361.70926691143666	80.06970530134926	413.35477827570753	106.75304775539273	456.79378694188034
