30	30	3
489.4289071633394	407.70542131799857	491.1440626405739	406.90500876741174	474.4440078863423	401.56082007760926	450.56481535740136	393.3642294179848	424.60639634138766	381.86636873675644	400.35338480634	368.16468449935104	375.93039581037897	357.9270726495886	374.12853765039057	356.10071763163455	381.0182242597762	336.2218382406881	385.3563190394292	308.8133969109967	389.5768108714067	282.7585916276601	390.6244075957832	258.1085799839568	391.9537276784673	231.43780993484285
224.8985228528823	349.52402992454284	219.1366158638582	350.6684995178706	192.73695530562628	344.35719959285234	153.9831265619681	328.69004624745816	113.7293200271377	318.08847115281486	75.12807543993056	304.8567711131365	45.15236965651009	293.5116548406455	42.8773620059821	292.9249998092961	40.55468578904237	294.47392335563785	42.62219276091127	293.7282419604834	46.50754437032456	288.80771047685374	48.1166582073425	281.0935163310505	43.28718479892813	275.85886329642943
427.44490786124936	290.65888088612303	435.8240495166051	294.1677951195279	442.80957321032975	277.467723599375	450.8921057806709	259.4327704505835	459.1717329320079	241.9431212523115	472.43091452464154	221.61315686773793	475.67953057008236	205.31271695443746	472.31359075639233	208.1267055178374	443.60506815576093	226.22537589063882	411.09402926603195	245.3505070420013	375.5816289209548	262.82060848430865	344.3894574343711	280.2046934471042	304.51166051166047	293.399339854782
327.3343906052669	461.2921472284749	327.3971866850525	459.46340725821085	316.6491477009265	436.19950642459895	296.659641557757	407.0627692714781	278.80568948273594	373.5518120780945	261.3262435640862	341.8896200696301	243.92182175080322	314.1007841355537	244.40023940519706	310.9980477381675	243.75366987336653	302.1471514102013	242.33294156493594	287.45011873175804	241.40189919716494	279.87512311856335	236.07944371356115	269.7339988257347	230.66586947295372	252.52435030713173
319.8341671789786	87.87464035878368	319.3624520656125	90.80471904777625	314.65817598765534	84.05039314965622	306.20511744332805	80.28753458017059	293.73440085005655	73.71895723269346	281.7019446161555	63.72073671527715	267.8768654466341	53.53425698405379	267.3542085539767	54.10929907476945	264.36154549990846	50.24455773593776	262.8039857041257	51.46141357372754	265.34253851266163	47.87130960231422	262.448472710981	44.055754531198794	257.05006272329155	33.20019327078104
417.0836972478836	123.00337447623727	419.80224531729914	131.27169255905272	425.48696084760326	133.72839069539032	425.57088328381735	132.92285266710567	428.5843643869214	132.60071714601386	428.6298207085005	130.8583500357026	424.96581852712046	129.1504143939821	426.7032412606341	129.95205463577963	419.74833230190416	127.8388784107934	415.34630916382247	119.06673274884844	408.85763023419406	114.29102314842902	404.81214450945276	103.35956813139076	393.67878801149675	94.18075988910178
384.3994082233721	231.7097467424043	385.37405089265553	230.89844972967217	367.4369147306702	216.93949407594445	350.43820139224727	201.92019415078755	332.6576731657444	182.21843121269825	311.5593246088072	163.48981987880592	293.69709511591566	145.23586870342905	289.26446968944657	142.7754801156196	284.14117502236076	142.29056173517844	275.80283815394546	143.42790196665516	262.71824638919065	145.04749802099812	249.89702875348496	144.74840061466338	237.84206424735777	142.41219416081708
126.78869640021695	83.99416046449826	133.87659043614946	92.93727218697668	132.04824961491008	103.68207050624515	133.65465503928058	114.08717669860094	132.7370756833633	124.22568431895417	131.6414718944616	134.01510010458924	129.42060319669605	139.3065319280596	131.8463047887805	149.2959576425301	139.01209208229892	179.29604078652258	142.34032143244855	218.43187232441605	148.3921044878828	255.73559156440058	154.46198881616735	293.22353254349724	154.46533855046388	327.21132107922074
394.20315481154404	384.4465973204472	394.05408414206767	386.4131913620036	383.7096103023748	390.5389015785418	364.77114264046384	395.28832094563256	344.6142059387662	402.62536195482795	326.21080164766585	407.79106840024986	305.6409974200988	406.9509244293388	302.5142870675829	415.52191757987674	300.6706016879439	431.25535169606377	303.43863487642443	444.7606136073343	305.28179712220197	465.48830694043795	303.014355865629	482.9229261142808	297.38648265134367	495.8831572706591
484.06462488318874	403.36377219598063	488.58836323589935	397.127057539069	489.05841570745577	371.03444336236225	485.36253894053317	340.57132498525306	481.11741698064685	303.74923984142123	474.14554851766974	265.4474249949165	471.2431851281798	233.9233626409907	476.0387374085323	230.26853739243006	477.63549715641994	243.8701462877255	485.3881407546834	255.3011408172013	492.3420883753265	268.523420616909	497.06205368094703	284.12028042587445	496.96463387773616	292.4755232306706
26.00748182598428	209.60270981266783	33.54394695138497	213.64489390460088	49.03423491293894	204.07316006588644	63.23985465191466	196.57622604984672	75.51310597564685	186.40458314417145	90.98049474862079	175.7643760872358	101.82127943509174	162.73987095053508	108.51731860827525	164.03001853020297	109.41786342546722	166.8973467975122	109.24920772287821	167.03682157159238	113.48754383237406	166.08517905126487	113.45633593492721	163.51989293096207	107.02289420432916	157.9358904343105
104.71306431466215	371.22544504258184	108.7883459081811	379.3999368311751	104.45771968807526	388.29929223534714	103.8991314016042	403.6526981131797	102.42864590821607	415.27054957985627	93.73434499926542	430.047179339971	89.8088824137972	437.5888466834484	91.0952740303197	444.3091326156806	90.03654937262954	443.0485631246708	84.77667641645031	439.5217835580243	80.40831387820738	440.6451250392051	76.92571763861488	441.9275521370498	72.60212567285006	435.9770696378427
416.03466767096705	272.6037137590251	420.255556518477	272.27181211526573	431.312811386731	267.44793460380146	445.307040349361	265.86722970247985	462.8307711042583	259.47044465393185	474.54415778593557	251.97370489596986	483.02088482038295	240.06328304106498	489.3036321509871	239.56023883812583	483.33326172131325	248.71312150374416	476.9001420253005	257.8190882511802	471.2919111814851	267.41379398727145	463.3331352514923	272.25685075082293	449.90611932799067	275.37318772068085
153.1634511195243	454.5555922178932	163.94226915315096	451.4229717352661	181.3039252093658	433.3031797357902	205.45578480139844	413.1600374122636	226.44787917410738	390.62954408920075	245.14771437404147	371.18781013390833	259.8022657027103	347.99206162282906	267.6416612922286	342.8522053730432	276.1808530348878	333.8869126301149	285.6605510334342	320.2256894022438	293.7470511295203	302.6398839445007	295.70702639883376	283.3860049747239	301.2250715901095	267.1629051729186
438.8157983711616	286.79228596884093	447.22207845139917	289.3801148058465	453.91032756519587	290.50724719514926	457.6794196958642	291.7011498893118	462.4963961335152	292.56299930598425	469.5061108151773	294.6212628217114	475.55734198030876	292.40595350201573	479.88839491506735	298.16015659206704	481.4152226438087	317.2148613954261	485.9446925908787	337.43249280379746	492.87024905583223	358.8707811178464	493.1318541239209	382.04605164100343	493.28216601367944	398.2060297853658
145.87343737985574	90.46023123010771	148.98315414572113	96.15917522682165	151.42231939685252	105.87472630866114	154.96763656302994	112.81751851438639	158.6700600345673	120.37492116776623	163.7297233400983	129.5172564368911	163.77962629601222	134.04414113503194	161.46395173548697	139.48564544652416	151.17717645592384	151.1594754460645	140.0786245561965	165.28802707065017	121.91389427356843	176.22065356374642	108.50448675331826	189.45408770933045	88.3886353953723	202.16466596229495
279.2128747687442	83.00204810262495	287.94109302511043	88.78445998420133	316.83090345508435	99.14215811478269	351.1401093405784	111.13721650727186	386.7073742356498	126.91954795408886	414.1889362253759	139.7660457661656	439.5167894549456	147.59529340414943	448.64072167973325	152.06674963740517	455.69326092530633	155.77665451233926	459.50421475325214	157.81555295119972	467.30671407943555	157.74743385897608	474.30885377946964	156.8147670944339	471.96343778320414	155.08972683830362
334.20774965771426	453.8552968156278	340.0564126761845	451.2396689648115	355.3600393779687	426.9595876205978	375.0607615928203	389.08771211821374	397.0287846558053	356.59475848079956	413.2903909196304	323.8099207967529	423.80209058537116	293.76141961985496	426.63575683307124	286.68122803285894	427.23408395517646	271.2610443728001	422.01277389791085	259.2252740210541	417.80394739445126	243.61312682092995	415.3031229805298	222.40197563479725	404.55757201047555	201.78551446212276
268.9035898380652	90.32785395941929	276.4821896994182	91.58836564853641	287.7793175938387	84.27375116478375	304.8265810018894	75.12077304257821	319.4575715392294	62.162537918251914	331.9297029565793	49.72664890266753	339.91809372260974	35.325204693724885	346.27042396197317	35.85761198588165	352.50328992708165	34.47187576148942	364.4977009982998	28.538928993217432	371.473306773522	24.918299181530923	380.335313556716	22.99979941805974	385.9204016429069	20.566879037791225
431.96355262244555	194.58307068850883	431.3331303564207	198.78217834497343	422.46131980034727	211.7317257405915	412.03723761415864	226.2254323794469	404.0055709570051	235.66427917208605	393.7115321645253	246.97831645059026	381.8125419149589	254.07276075294746	378.63023669701613	259.19967647165646	371.6849299568395	271.66831421466185	364.36761439165366	288.70937027388	359.1333379566728	306.00472770305373	347.32033553143685	318.7799993397446	332.2208871319732	325.5308304466026
182.757670726799	209.68576109410685	191.64588776718682	218.1479239486455	201.72636509519555	228.8179210710598	217.59633064537834	236.6649665794336	229.86290738213938	248.60133040553498	242.79382475778266	260.0628332881339	252.4099339982806	265.5625935472841	257.8935776018794	270.2212109578512	263.79308970065495	271.4563704423048	267.17310792583464	274.6448355621355	267.4770862684394	281.2834229845516	270.5737858756731	285.9332034891437	266.6645708008177	281.7322241889164
34.51165951389229	21.906022877576703	42.18399760472921	27.25683818794926	45.695670909363436	23.330397949857403	46.49922456581954	20.586681032667833	48.4731492584755	20.806267548868327	49.221365231801755	23.0158358588698	49.04764417310273	18.624118794918065	54.1993409183202	20.50151568942798	64.83665890369089	25.459786945741183	78.37294233457172	26.330534707088802	94.511315999858	22.545888049939236	109.08211163650637	23.236137716079256	120.45634734942311	19.131679964903
243.7605177311626	287.39113129556506	245.86680255709408	286.91342795966386	245.24686350369015	266.21509482935573	240.78790003276634	239.18574230918287	239.43750500289144	208.99784604732523	235.96506866648747	180.88475662731423	228.52157774961964	152.42983742429345	230.16370214785437	149.75673676830266	244.63736253860355	167.79264042886305	264.2592251807665	191.7496299156789	284.0497508995172	213.4322953950475	300.79741716245286	231.37910980412255	313.3262269608473	247.41025958116632
238.44483734558807	325.41365453186137	241.91064264145558	332.7714687766311	242.35499403298752	333.79298926422575	242.00808741358566	339.8291577824042	241.76735110533468	343.1042972459738	242.5704090249567	343.9646713426974	243.0305751572205	346.86601671082104	245.02301944051172	350.23647835809743	245.5467472312211	350.4268094811106	249.31870592261353	349.9785019891378	246.91561790890688	347.9375726200412	243.19286181795107	346.31037378609716	238.581819423783	341.5885160912349
366.75428549033785	333.1001715021666	370.5156734546311	341.05317319779675	374.6341724109201	344.83063051794073	378.5884371663597	346.7395062062469	383.2078965106818	347.61678119664657	388.5382328395193	347.7701720202093	393.50297557647616	344.2444840451204	399.81056427787485	346.54092297472835	416.6147536474966	343.9500184292165	438.7016060480181	343.9336946960214	461.41938528252933	347.3031913215468	482.60572691953377	346.76481379026046	495.3449530775493	341.67713417811444
199.1014211998919	219.65293940767194	202.97339084711575	222.0627606265948	211.94826600755314	213.1084217593588	223.2555124305795	198.7763053600552	228.0652945040402	179.97673967198207	237.32322520441653	167.64344238856654	241.20900799272658	153.9457208324629	247.074486719608	152.2095396404323	264.9855561427965	138.7480833636577	280.8544107762253	122.10475571807874	295.56265597014436	108.58339711174983	310.4920886561001	95.33983249548608	318.87535213873866	79.21215103151215
16.73194507530801	126.18554457293368	24.47475546000699	126.45230066001572	32.013793636261525	114.16380955770703	46.14810938990331	102.33023260116846	63.2477499658644	85.77804676118306	74.27998900095255	70.46957779212603	79.78714973573832	57.028787378145466	84.58863310817884	56.20002510885991	95.1193476783744	52.88808595769687	103.25214522388929	49.930592593700005	110.7840214599249	47.69249917486637	123.0601907490374	41.32623986084276	125.46324850284452	31.593807174722798
247.45796059766317	30.69057036756795	250.9299800968611	35.96870173038316	252.3708543980984	49.48714828563786	254.43968547101085	58.71258510775285	258.1305868441741	69.11077740087701	259.3330982166971	75.33699925151146	257.6878104861472	82.39657087985175	263.1589696431264	86.51480058846357	288.3262592229112	81.1065527695649	316.281050541656	76.89290644031492	338.7111871462705	75.69944167525264	364.5605237617296	69.80516734733044	390.49896135716176	57.9056913860408
278.737753707702	127.02207527146491	280.48952705984476	135.79593751344666	261.3332751063791	154.5934326258296	241.0753386374341	178.78366491058895	219.5648091109338	205.12088062857123	196.20366799356407	228.5834586794101	173.03642085285057	242.75699007353938	169.7957416439393	254.72313896683232	165.2936014295483	284.8494424381013	166.41321635323854	317.2200467569711	160.76181762348787	347.7355992871913	155.86283770133494	378.9997958343809	149.9122627773806	404.24942650832827
28.06117352692339	210.2065083134137	33.92078319812603	220.5916157063641	33.36282347484906	240.28012359699795	36.533644316487425	269.030505837458	43.52229600361002	295.7762707923848	46.24659945252739	315.7500480753873	44.270031853604884	335.0049177905312	54.90727655982151	343.66435155129244	81.36165846496847	345.056887312699	114.94849034909828	345.56918800688044	152.87248410577487	344.136760224224	187.7728198966713	346.7273348699212	222.05718002779167	340.3336541398879
